1
witness_1, 0 
2
1x3_26, 2 0 
1x3_48, 2 0 
1x3_32, 2 0 
1x2_9, 2 0 
1x2_2, 2 0 2 
1x2_5, 2 0 2 
1x3_34, 2 0 2 
1x2_1, 2 0 
3
1x3_45, 2 0 2 
1x3_36, 2 0 2 
2x2_86, 2 0 2 
2x2_217, 2 0 2 
2x2_204, 2 0 2 
2x2_173, 2 0 2 
1x3_12, 2 0 3 
witness_2, 2 1 2 
1x3_43, 2 0 3 
2x2_262, 2 0 2 
1x3_37, 2 0 3 
2x2_276, 2 0 2 
2x2_203, 2 0 2 
2x2_92, 2 0 0 
2x2_273, 2 0 0 
2x2_299, 2 0 2 
2x2_287, 0 2 0 
2x2_168, 2 0 2 
2x2_31, 2 0 0 
2x2_188, 0 2 0 
2x2_52, 0 2 0 
4
1x3_11, 2 0 2 
witness_3, 2 1 2 2 
1x2_7, 2 0 3 
1x2_10, 2 0 3 
2x2_270, 2 0 0 
3x3_129, 2 0 3 
2x2_239, 2 0 2 
2x2_27, 0 2 0 
2x2_283, 2 0 2 1 
2x2_151, 0 2 0 3 
2x2_272, 0 2 0 
2x2_67, 0 2 0 3 
2x2_129, 0 2 0 
3x3_330, 0 2 0 3 
2x2_134, 2 0 2 1 
2x2_150, 0 2 0 3 
2x2_102, 2 0 2 1 
2x2_25, 2 0 2 1 
2x2_6, 0 2 1 
2x2_236, 0 2 1 
2x2_21, 0 2 1 
2x2_42, 0 2 1 
5
1x3_9, 2 0 2 2 
1x3_38, 2 0 2 2 
2x2_155, 0 2 0 
1x3_28, 2 0 2 2 
1x3_18, 2 0 2 2 
2x2_223, 0 2 0 3 
1x3_23, 2 0 2 2 
2x2_2, 2 0 2 1 
2x2_300, 2 0 2 1 
2x2_232, 2 0 2 1 
2x2_235, 2 0 2 1 
2x2_237, 0 2 0 3 
2x2_278, 2 0 2 1 
2x2_298, 2 0 2 1 
2x2_145, 0 2 0 3 
3x3_415, 0 2 0 3 
2x2_221, 0 2 0 3 
2x2_210, 0 2 1 
2x2_246, 0 2 2 
2x2_228, 2 0 3 
2x2_122, 0 2 2 
2x2_128, 2 0 3 
2x2_242, 0 2 2 
2x2_94, 2 0 3 
2x2_291, 2 0 3 
2x2_247, 0 2 2 
2x2_28, 2 0 3 
2x2_271, 2 0 3 
2x2_68, 0 2 2 
2x2_56, 2 0 0 
2x2_140, 2 0 0 
6
2x2_41, 2 0 2 
2x2_78, 0 2 0 
3x3_589, 2 0 2 2 
2x2_81, 0 2 1 
1x3_10, 2 0 2 1 
1x3_47, 2 0 2 1 
2x2_34, 0 2 1 
2x2_183, 2 0 0 
2x2_149, 2 0 0 
2x2_64, 2 0 3 
2x2_178, 2 0 3 
2x2_196, 2 0 3 
2x2_163, 2 0 0 
2x2_215, 0 2 2 
7
2x2_268, 2 0 2 
2x2_91, 0 2 0 3 
3x3_37, 2 0 2 2 
2x2_226, 2 0 0 2 
3x3_89, 0 2 2 1 
2x2_255, 0 2 2 0 
2x2_142, 0 2 2 0 
1x3_31, 2 0 2 1 
1x3_22, 2 0 2 1 
2x2_249, 2 0 0 2 
1x3_29, 2 0 2 1 
1x2_6, 2 0 2 1 
2x2_100, 0 2 2 
2x2_3, 2 0 0 
8
2x2_30, 2 0 2 1 
2x2_44, 0 2 2 0 
2x2_46, 2 0 2 1 
3x3_445, 0 2 0 0 3 
1x2_3, 2 0 2 1 
1x3_33, 2 0 2 1 
2x2_216, 2 0 0 2 
2x2_172, 2 0 0 2 
2x2_295, 2 0 0 2 
2x2_267, 2 0 0 
9
2x2_43, 0 2 0 3 
3x3_704, 0 2 0 0 3 
2x2_288, 2 0 2 1 
3x3_69, 2 0 2 2 1 
2x2_74, 2 0 2 1 
2x2_274, 0 2 0 3 
2x2_72, 0 2 0 3 
3x3_304, 0 2 0 0 3 
3x3_779, 2 0 2 2 1 
1x3_14, 2 0 2 1 2 
1x3_42, 2 0 2 1 2 
1x3_21, 2 0 2 1 2 
1x3_13, 2 0 2 1 2 
1x3_19, 2 0 2 1 2 
2x2_54, 2 0 0 2 
1x3_39, 2 0 2 1 2 
2x2_32, 0 2 2 0 
1x3_2, 2 0 2 1 2 
1x3_8, 2 0 2 1 2 
1x3_49, 2 0 2 1 2 
2x2_192, 0 2 2 0 
2x2_101, 2 0 0 2 
2x2_7, 2 0 0 2 
1x3_50, 2 0 2 1 2 
1x3_16, 2 0 2 1 2 
1x3_24, 2 0 2 1 2 
1x3_41, 0 2 1 
2x2_99, 0 2 1 
1x3_25, 0 2 1 
2x2_58, 0 2 2 
2x2_40, 2 0 0 
2x2_259, 0 2 2 
10
3x3_913, 0 2 0 0 2 
3x3_561, 0 2 0 0 3 
3x3_30, 0 2 0 0 3 
1x3_4, 2 0 2 1 
2x2_219, 2 0 0 2 
3x3_132, 0 2 0 0 3 
2x2_106, 0 2 2 0 
1x3_44, 2 0 2 1 
2x2_127, 0 2 2 0 
2x2_162, 2 0 0 2 
2x2_234, 0 2 2 0 
3x3_162, 2 0 2 2 1 
2x2_17, 2 0 0 2 
2x2_252, 0 2 1 
2x2_241, 0 2 2 
2x2_65, 2 0 0 3 
2x2_280, 2 0 3 
2x2_18, 2 0 3 
2x2_297, 2 0 3 
2x2_194, 2 0 3 
2x2_159, 2 0 0 
2x2_265, 2 0 0 
2x2_118, 0 2 2 0 
11
3x3_516, 2 0 2 2 1 
2x2_71, 0 2 2 0 
2x2_16, 2 0 0 2 
2x2_51, 0 2 2 0 
2x2_63, 2 0 0 2 
2x2_89, 2 0 0 2 
2x2_4, 0 2 2 0 
1x2_4, 0 2 1 
2x2_45, 2 0 0 3 
2x2_160, 2 0 0 3 
1x2_8, 0 2 1 
2x2_181, 0 2 2 1 
2x2_211, 0 2 2 1 
2x2_191, 2 0 0 3 
2x2_143, 0 2 2 1 
2x2_131, 0 2 2 
12
3x3_854, 2 0 2 2 1 
1x3_3, 2 2 0 2 
1x3_5, 2 2 0 2 
2x2_108, 0 2 0 2 
2x2_75, 0 2 2 1 
2x2_69, 2 0 0 3 
13
2x2_233, 2 0 2 0 
2x2_180, 2 0 2 0 
3x3_337, 0 2 0 0 3 
2x2_229, 0 2 2 1 
2x2_197, 2 0 0 3 
2x2_227, 0 2 2 1 
2x2_185, 0 2 2 1 
2x2_175, 0 2 2 1 
2x2_230, 2 0 0 3 
2x2_73, 2 0 0 3 
3x3_68, 0 2 2 1 
14
2x2_264, 0 2 0 2 
1x3_6, 2 2 0 2 
2x2_258, 2 0 0 3 
2x2_253, 2 0 0 3 
2x2_123, 2 0 0 3 
2x2_133, 0 2 2 1 
2x2_82, 0 2 2 1 
3x3_654, 0 2 2 1 
15
3x3_597, 2 0 2 2 0 
2x2_214, 2 0 0 3 1 
3x3_812, 0 2 2 1 3 
2x2_261, 0 2 2 1 
3x3_133, 2 0 0 3 
16
3x3_493, 2 0 2 0 2 
1x3_1, 2 2 0 2 
3x3_104, 2 0 2 2 1 3 
2x2_195, 2 0 0 3 1 
2x2_282, 0 2 2 1 3 
3x3_965, 0 2 0 2 0 
2x2_166, 0 2 2 1 3 
2x2_179, 0 2 2 1 3 
3x3_731, 2 0 0 3 1 
2x2_286, 2 0 0 3 1 
17
3x3_746, 2 0 2 0 2 
3x3_343, 2 0 2 0 2 
3x3_714, 0 2 0 0 3 1 
2x2_200, 0 2 2 1 3 
2x2_88, 0 2 2 1 3 
2x2_213, 2 0 0 3 1 
2x2_66, 0 2 2 1 3 
2x2_144, 0 2 2 1 3 
18
3x3_694, 2 0 2 1 
3x3_689, 0 2 0 0 2 
2x2_141, 0 2 2 0 
2x2_165, 2 0 0 2 
3x3_314, 2 0 2 0 2 
3x3_457, 2 0 2 2 0 0 
3x3_739, 2 0 2 2 1 3 
3x3_444, 2 0 0 3 1 
2x2_53, 2 0 0 3 1 
2x2_245, 2 0 0 3 1 
2x2_55, 0 2 2 1 3 
2x2_79, 2 0 0 3 1 
2x2_201, 2 0 0 3 1 
19
2x2_76, 0 2 0 2 
2x2_117, 2 0 0 2 
3x3_317, 2 0 0 0 2 2 
3x3_239, 2 0 0 0 2 2 
3x3_122, 0 2 0 0 3 1 
2x2_248, 0 2 2 1 3 
3x3_586, 0 2 2 1 3 
2x2_169, 0 2 2 1 3 
2x2_146, 2 0 0 3 1 
2x2_135, 0 2 2 1 3 
3x3_14, 2 0 2 2 1 3 
3x3_693, 2 0 2 0 2 
1x3_17, 2 2 0 
20
2x2_38, 0 2 2 0 
3x3_321, 2 0 2 2 1 3 
3x3_137, 0 2 0 0 3 1 
21
3x3_919, 0 2 0 2 0 
2x2_50, 0 2 0 2 
2x2_48, 2 0 2 0 
3x3_969, 2 0 0 0 2 2 
22
witness_4, 2 0 2 0 
2x2_70, 2 0 2 0 
3x3_13, 2 0 0 2 2 0 
23
3x3_980, 2 0 2 0 2 
3x3_31, 0 2 0 3 0 
3x3_489, 0 2 2 0 0 2 
24
3x3_408, 0 2 0 2 0 
3x3_463, 0 2 2 0 0 2 
3x3_982, 0 2 2 0 0 2 
3x3_344, 2 0 0 2 2 
3x3_324, 0 2 2 0 0 2 
3x3_868, 2 0 0 2 2 
3x3_197, 0 2 2 2 
25
3x3_649, 2 0 0 2 2 0 
3x3_940, 0 2 2 0 0 
3x3_937, 0 2 2 2 
26
1x3_20, 2 0 2 1 2 0 
1x3_27, 2 0 2 1 2 0 
27
3x3_706, 2 0 0 2 2 0 
3x3_526, 2 0 0 2 2 0 
3x3_725, 0 2 2 0 0 
3x3_26, 2 0 0 0 2 
3x3_9, 2 0 0 0 
3x3_35, 0 2 2 2 
28
3x3_871, 0 2 0 0 2 
3x3_449, 2 0 2 2 0 
3x3_47, 2 0 2 0 0 2 
2x2_87, 2 0 3 0 
3x3_747, 0 2 2 2 0 0 
3x3_12, 2 0 0 0 2 2 
3x3_236, 0 2 2 2 0 0 
3x3_804, 0 2 2 2 0 0 
3x3_349, 2 0 0 2 2 1 
3x3_692, 2 0 0 2 2 1 
29
3x3_633, 0 2 2 0 0 2 
3x3_756, 0 2 0 2 2 0 
2x2_199, 2 0 3 0 
3x3_163, 0 2 0 2 2 0 
3x3_123, 0 2 2 2 0 0 
3x3_567, 2 0 0 0 2 2 
3x3_951, 2 0 0 0 2 2 
3x3_115, 2 0 0 0 2 2 
3x3_491, 0 2 2 0 0 3 
3x3_212, 0 2 2 0 0 3 
3x3_660, 0 2 2 2 0 
3x3_275, 0 2 2 0 0 3 
30
3x3_301, 0 2 0 3 0 
3x3_335, 2 0 2 0 0 2 
3x3_360, 0 2 2 2 0 0 
2x2_171, 0 2 1 2 
2x2_103, 0 2 1 2 
3x3_737, 0 2 2 2 0 0 
3x3_25, 2 0 0 0 2 2 
3x3_220, 0 2 2 2 0 0 
3x3_233, 0 2 2 0 0 3 
3x3_67, 0 2 2 0 0 3 
3x3_627, 0 2 2 0 0 3 
3x3_855, 0 2 2 1 2 
31
3x3_571, 0 2 0 2 2 0 
2x2_20, 2 0 3 0 
2x2_120, 2 0 3 0 
2x2_190, 2 0 2 0 3 
2x2_110, 0 2 1 2 
2x2_49, 0 2 1 2 
2x2_14, 2 0 3 0 
3x3_755, 0 2 2 2 0 
3x3_74, 0 2 2 0 0 3 
3x3_11, 2 0 0 0 3 
32
3x3_399, 2 0 0 0 2 2 
2x2_124, 0 2 1 2 
2x2_293, 0 2 0 2 1 
2x2_157, 0 2 0 2 1 
2x2_240, 0 2 1 2 
4x4_21, 0 2 1 2 
2x2_186, 2 0 3 0 
4x4_600, 0 2 2 0 0 0 2 
3x3_578, 2 0 3 0 
3x3_602, 2 0 3 0 
3x3_157, 2 0 2 2 0 0 
3x3_308, 2 0 0 0 2 2 
3x3_593, 2 0 2 0 0 
3x3_794, 0 2 2 2 0 
3x3_798, 0 2 2 0 0 2 
33
2x2_251, 0 2 2 0 3 
2x2_174, 0 2 0 2 1 
4x4_457, 2 0 0 0 3 1 
2x2_139, 0 2 2 0 3 
3x3_192, 2 0 0 0 2 
3x3_979, 0 2 2 2 0 0 
3x3_856, 0 2 2 2 0 0 
3x3_647, 0 2 2 0 0 3 3 
3x3_861, 2 0 0 2 2 1 
3x3_353, 0 2 2 2 1 
34
3x3_338, 0 2 2 0 2 0 
3x3_992, 0 2 2 0 2 0 
2x2_132, 2 0 0 2 1 
2x2_59, 2 0 0 2 1 
2x2_136, 0 2 2 0 3 
2x2_294, 2 0 2 0 3 
3x3_912, 2 0 0 2 0 2 
3x3_230, 0 2 2 0 2 0 
3x3_494, 2 0 2 2 0 0 
3x3_898, 2 0 0 0 2 2 
35
2x2_292, 2 0 2 0 3 
3x3_107, 0 2 2 2 0 0 
3x3_167, 0 2 2 0 2 0 
2x2_158, 2 0 0 2 1 
2x2_260, 2 0 0 2 1 
2x2_35, 2 0 0 2 1 
3x3_16, 2 0 0 2 2 1 1 
3x3_529, 2 0 0 2 2 0 
3x3_237, 2 0 0 0 2 2 
36
3x3_829, 2 0 2 0 0 2 
2x2_119, 2 0 2 0 3 
2x2_290, 0 2 0 2 1 
3x3_417, 2 0 2 0 0 2 
2x2_13, 2 0 2 0 3 
3x3_977, 0 2 0 0 2 2 
3x3_926, 2 0 2 0 0 2 
2x2_209, 0 2 2 0 3 
2x2_225, 0 2 2 0 3 
2x2_24, 0 2 0 2 1 
3x3_265, 2 0 3 0 
3x3_75, 2 0 2 0 0 
37
3x3_864, 0 2 0 2 0 3 
4x4_339, 2 0 2 2 2 0 0 
2x2_167, 2 0 2 0 3 
2x2_224, 2 0 2 0 3 3 
2x2_98, 2 0 3 0 2 
2x2_263, 0 2 0 2 1 1 
2x2_207, 0 2 0 2 1 1 
3x3_553, 2 0 0 2 0 2 
3x3_266, 2 0 0 2 2 1 1 
3x3_957, 0 2 0 2 1 2 
38
2x2_5, 2 0 3 0 2 
2x2_220, 0 2 1 2 0 
2x2_147, 0 2 1 2 0 
2x2_296, 0 2 0 2 1 1 
2x2_153, 2 0 2 0 3 3 
3x3_723, 0 2 2 0 0 3 3 
3x3_334, 0 2 2 0 2 
39
3x3_228, 2 2 0 2 
3x3_455, 2 0 2 0 0 2 
3x3_499, 2 0 3 0 
2x2_113, 0 2 1 2 0 
2x2_256, 2 0 3 0 2 
2x2_22, 0 2 1 2 0 
2x2_182, 0 0 2 1 1 
2x2_164, 2 0 3 0 2 
3x3_527, 0 2 0 0 2 2 
2x2_60, 0 2 0 2 1 1 
3x3_733, 2 0 2 0 0 2 1 
3x3_670, 2 0 3 0 
3x3_691, 0 2 2 2 0 0 3 
3x3_934, 2 0 0 2 2 1 1 
40
2x2_193, 2 0 2 0 3 3 
2x2_156, 0 2 0 2 1 1 3 
2x2_33, 0 2 0 2 1 1 3 
2x2_9, 0 2 2 0 3 3 
2x2_289, 2 0 2 0 3 3 
2x2_93, 2 0 2 0 3 3 
2x2_275, 0 2 0 2 1 1 
2x2_90, 0 2 0 2 1 1 
3x3_351, 2 0 0 0 2 2 1 
3x3_585, 2 0 0 2 0 2 
3x3_185, 0 2 0 2 1 1 
3x3_783, 0 2 2 2 0 0 3 
4x4_748, 2 0 0 2 2 2 0 0 
3x3_405, 0 2 0 2 2 1 
4x4_972, 0 2 2 1 2 
41
3x3_428, 2 0 0 0 3 1 
2x2_1, 2 0 2 0 3 3 1 
2x2_125, 2 0 2 0 3 3 
2x2_170, 0 2 0 2 1 1 
2x2_19, 0 2 0 2 1 1 
2x2_154, 2 0 2 0 3 3 1 
2x2_130, 2 0 2 0 3 3 1 
2x2_187, 0 2 0 2 1 1 3 
3x3_810, 2 0 3 0 
3x3_847, 2 0 2 2 0 0 
3x3_183, 2 0 2 2 0 0 
3x3_373, 2 0 2 0 0 3 3 1 
3x3_359, 2 0 2 0 2 1 
3x3_950, 0 2 2 0 3 0 3 
3x3_229, 2 0 0 0 3 
42
2x2_80, 0 2 0 2 1 1 3 
2x2_121, 0 2 0 2 1 1 3 
3x3_184, 0 2 2 0 2 1 
1x3_7, 0 2 2 1 3 
3x3_542, 2 0 2 0 0 
3x3_997, 0 2 0 2 2 1 1 
3x3_853, 2 0 0 2 1 2 
3x3_92, 0 2 0 2 1 2 
43
2x2_254, 2 0 2 0 3 3 1 
2x2_97, 2 0 2 0 3 3 1 
3x3_283, 2 0 2 0 2 1 1 
2x2_285, 0 2 0 2 1 1 3 
2x2_281, 2 0 2 0 3 3 1 
3x3_699, 2 0 2 0 2 1 1 
3x3_730, 0 2 0 0 2 2 1 
3x3_241, 2 0 0 0 2 2 1 
3x3_311, 0 2 2 0 3 0 
3x3_134, 2 2 0 0 2 
3x3_903, 0 2 2 2 1 3 3 
3x3_686, 2 0 2 2 0 0 3 3 
4x4_899, 0 2 2 0 0 0 2 2 
3x3_874, 0 2 1 2 2 
3x3_562, 2 0 0 3 0 
44
3x3_984, 2 0 2 0 2 1 1 
2x2_109, 2 0 0 2 1 1 
2x2_37, 0 2 2 0 3 3 
3x3_490, 2 0 0 0 3 1 
3x3_624, 2 0 0 0 3 1 1 
3x3_352, 0 2 0 2 1 1 
4x4_376, 2 0 0 3 0 0 
3x3_410, 0 2 1 2 
3x3_584, 0 2 2 1 2 
3x3_102, 0 2 2 2 1 
45
3x3_909, 0 0 2 0 3 
2x2_36, 2 0 3 0 2 2 
2x2_10, 0 2 2 0 3 
2x2_116, 0 2 1 2 0 0 
3x3_412, 2 0 2 0 2 1 1 
4x4_436, 0 2 2 2 2 0 0 0 
2x2_39, 2 0 0 2 1 1 
3x3_207, 2 0 0 0 2 2 1 1 1 
3x3_933, 2 0 2 2 0 0 3 
4x4_776, 0 2 2 2 2 0 0 
3x3_178, 2 0 0 3 0 
3x3_777, 2 0 0 2 0 3 
4x4_478, 0 2 2 1 2 2 
4x4_458, 0 2 2 1 2 2 
3x3_664, 2 0 0 0 3 
46
2x2_198, 0 2 2 0 3 
3x3_682, 0 2 0 2 2 1 1 3 3 
3x3_498, 0 2 2 0 0 3 3 
3x3_576, 0 2 2 0 3 0 3 
2x2_26, 2 0 0 2 1 
3x3_15, 2 0 3 0 2 0 
3x3_580, 2 0 3 0 2 0 
3x3_975, 2 0 2 0 0 3 
3x3_53, 2 0 0 3 0 2 
47
3x3_471, 0 0 2 0 3 
3x3_985, 0 2 2 0 0 3 3 
3x3_615, 0 2 2 0 0 3 3 1 
3x3_575, 0 2 1 2 2 
3x3_674, 2 0 0 2 0 2 1 
3x3_112, 0 2 2 0 3 3 0 
3x3_801, 2 0 3 0 2 0 
3x3_394, 0 2 2 1 2 0 
3x3_361, 0 2 2 1 2 0 
3x3_204, 2 0 2 0 3 3 0 2 
3x3_282, 0 2 2 1 2 
3x3_886, 2 0 0 3 0 
3x3_717, 0 2 2 2 0 0 3 3 
48
4x4_110, 2 0 2 0 2 2 1 
3x3_135, 0 2 2 0 2 1 1 3 
3x3_114, 0 2 0 2 0 3 3 
4x4_735, 0 2 2 1 2 2 
3x3_795, 0 2 2 0 3 3 
3x3_480, 2 0 0 2 2 1 1 3 
3x3_620, 2 0 0 0 2 2 1 1 1 
3x3_506, 0 2 1 2 0 2 
3x3_86, 2 0 0 3 0 2 2 2 
3x3_787, 2 0 3 0 2 0 
3x3_710, 0 2 1 2 2 
2x2_189, 2 0 0 2 1 
49
3x3_514, 2 0 2 0 2 1 1 
2x2_11, 2 0 3 0 2 2 
3x3_166, 2 0 3 0 0 
3x3_505, 2 0 0 3 0 2 2 2 
3x3_174, 0 2 2 1 2 0 
4x4_937, 2 0 3 0 0 
3x3_569, 0 2 2 2 0 0 3 3 3 
3x3_729, 0 2 1 2 2 
4x4_745, 2 0 0 3 0 0 
3x3_792, 2 0 2 2 0 0 3 3 3 
3x3_486, 0 2 2 1 2 
3x3_310, 0 2 2 1 2 
50
3x3_395, 0 2 2 2 0 0 3 
3x3_962, 2 0 0 0 2 
3x3_378, 2 0 2 0 3 3 1 
3x3_441, 2 0 0 2 0 3 3 1 1 
3x3_110, 2 0 3 0 2 2 0 
3x3_887, 0 0 2 2 0 
3x3_211, 2 0 0 3 0 2 
3x3_651, 2 0 2 0 0 3 3 
3x3_530, 0 2 2 1 2 0 0 
3x3_929, 2 0 0 0 2 2 1 1 
51
3x3_84, 2 0 2 0 0 2 1 
3x3_994, 0 0 2 2 1 1 
3x3_894, 0 2 2 2 0 0 3 3 3 
3x3_160, 2 0 2 0 0 3 3 1 1 
3x3_127, 0 0 2 0 2 2 
3x3_521, 2 0 0 0 2 2 1 1 1 
3x3_452, 0 2 1 2 2 
4x4_23, 0 2 2 1 2 
52
3x3_179, 2 0 0 2 2 1 1 
3x3_462, 0 2 2 1 2 0 
2x2_114, 0 2 1 2 0 0 
3x3_186, 0 0 2 0 2 2 
3x3_782, 0 2 2 2 0 0 3 3 
3x3_431, 0 2 2 0 2 1 1 3 3 
3x3_303, 2 0 2 2 0 0 3 
3x3_46, 2 0 2 0 3 0 2 
3x3_306, 2 0 2 2 0 0 3 3 3 
3x3_587, 2 0 2 0 0 3 
4x4_819, 0 2 2 2 2 0 
4x4_527, 0 2 1 2 2 2 
4x4_703, 0 2 2 1 2 2 
53
3x3_661, 0 0 2 0 3 
3x3_634, 2 0 0 3 0 2 
3x3_357, 2 0 2 1 2 0 
4x4_184, 0 2 0 2 2 2 0 0 
3x3_952, 2 0 0 2 1 1 2 
3x3_23, 0 0 2 2 2 1 
3x3_152, 0 2 0 0 2 2 1 1 1 
3x3_32, 0 2 2 2 0 0 3 
3x3_215, 2 0 2 2 0 0 3 3 3 
3x3_991, 2 0 3 0 0 
54
3x3_989, 0 2 0 2 2 1 1 3 3 
witness_5, 0 2 0 2 1 2 0 0 
3x3_548, 0 2 0 2 1 2 0 0 
4x4_252, 0 2 2 2 2 0 0 0 
3x3_778, 0 2 1 2 2 
3x3_943, 0 0 2 2 0 2 1 
3x3_851, 2 2 0 0 2 0 
3x3_959, 0 2 0 2 1 1 2 0 
3x3_513, 0 0 2 1 1 2 2 
4x4_726, 0 2 1 2 2 2 
3x3_735, 2 0 2 0 3 3 
55
3x3_396, 0 2 0 2 2 0 3 3 3 
3x3_333, 2 0 2 0 0 2 1 1 1 
3x3_896, 2 2 0 0 2 1 1 
3x3_988, 2 0 2 0 0 2 1 1 1 
3x3_118, 0 0 2 2 2 0 
3x3_935, 2 2 0 0 0 2 
3x3_564, 2 2 0 0 2 0 
1x3_15, 2 2 0 3 
3x3_458, 0 2 0 2 1 1 2 0 0 
3x3_217, 2 0 3 0 2 0 
56
3x3_242, 0 2 0 2 2 1 1 3 
3x3_716, 2 2 0 0 2 1 1 
3x3_397, 0 0 2 0 2 2 
3x3_469, 2 0 2 0 3 0 3 1 1 
3x3_579, 2 0 0 2 1 2 0 0 
3x3_149, 0 0 2 2 0 
3x3_40, 2 2 0 0 0 2 
3x3_437, 2 0 2 0 2 0 3 3 
3x3_384, 0 2 0 2 1 2 0 0 
3x3_193, 2 0 2 1 2 0 0 0 
3x3_355, 0 2 2 2 0 0 3 
3x3_372, 2 0 2 0 3 3 0 2 2 
3x3_563, 2 2 0 0 2 0 3 
3x3_700, 0 0 2 2 1 1 2 0 
57
3x3_222, 2 2 0 0 2 1 
3x3_256, 2 2 0 2 1 
3x3_125, 2 2 0 0 0 3 3 1 
3x3_818, 2 0 2 0 0 2 1 1 1 
3x3_757, 0 2 0 2 2 0 3 3 
4x4_435, 2 0 2 2 2 0 0 0 
3x3_459, 0 0 2 0 2 2 
4x4_689, 2 2 0 0 0 0 2 2 
3x3_656, 0 2 2 0 3 0 2 2 
3x3_260, 2 0 2 0 3 0 2 2 
3x3_862, 2 2 0 0 3 3 
4x4_106, 0 2 2 2 0 2 0 0 
3x3_964, 2 0 0 3 0 2 2 2 
3x3_688, 2 0 0 3 0 2 2 2 
3x3_202, 2 2 0 0 3 3 0 2 
58
3x3_786, 2 2 0 0 2 1 1 
4x4_286, 2 0 0 2 0 0 2 2 
3x3_39, 0 2 0 2 2 0 3 3 3 
3x3_986, 0 2 2 1 2 0 0 0 
3x3_830, 2 0 0 2 0 2 1 1 
3x3_143, 0 2 1 2 0 0 2 
3x3_219, 2 2 0 0 2 0 
4x4_965, 2 2 0 0 2 2 0 0 
3x3_761, 0 2 2 1 2 0 0 0 
3x3_632, 2 0 2 0 2 0 3 3 3 
3x3_841, 2 2 0 0 0 3 3 1 
3x3_323, 0 2 0 0 2 2 1 1 1 3 
3x3_817, 0 0 2 2 1 2 0 
3x3_922, 2 0 2 2 0 3 3 3 1 
3x3_958, 2 2 0 0 3 0 2 
3x3_728, 2 2 0 0 3 0 2 
3x3_375, 2 0 3 0 0 
3x3_907, 0 2 2 2 0 0 3 3 
3x3_411, 2 0 0 2 2 1 1 3 
59
3x3_609, 0 2 0 2 0 3 3 1 
3x3_201, 2 2 0 0 2 1 1 
3x3_161, 0 2 2 0 2 0 3 3 3 
3x3_55, 2 2 0 0 0 2 
3x3_557, 2 2 0 3 0 0 
3x3_808, 0 2 0 2 1 1 2 0 0 0 
3x3_109, 0 0 2 2 2 0 
3x3_653, 2 2 0 0 0 2 
3x3_258, 0 0 2 2 2 
3x3_536, 2 2 0 0 0 3 3 1 
3x3_960, 0 0 2 2 2 1 1 
3x3_908, 0 0 2 2 1 2 0 
3x3_762, 2 2 0 3 0 0 
60
3x3_743, 0 0 2 0 3 
3x3_315, 0 0 2 2 0 3 3 
3x3_846, 0 2 0 2 0 2 1 1 1 3 
3x3_837, 2 2 0 0 0 2 1 
4x4_577, 2 2 0 0 2 0 2 
3x3_393, 0 0 2 2 0 
4x4_101, 0 2 2 2 2 0 0 0 
3x3_253, 2 2 0 0 0 2 
3x3_145, 0 0 2 2 0 2 
3x3_540, 2 2 0 0 3 3 0 2 2 
3x3_191, 2 0 2 0 3 3 0 2 2 2 
3x3_483, 2 2 0 3 3 0 2 0 
2x2_47, 2 0 0 2 1 1 
3x3_374, 0 0 2 1 1 2 
3x3_180, 0 0 2 2 1 2 0 
3x3_857, 2 2 0 0 3 0 2 2 
3x3_999, 0 0 2 2 2 1 
3x3_407, 0 2 2 1 2 0 0 
3x3_188, 2 2 2 0 3 3 3 0 
3x3_18, 0 0 2 2 1 1 2 0 0 
3x3_941, 0 2 2 2 0 0 3 
3x3_551, 2 0 2 0 2 0 3 3 3 
3x3_144, 2 2 0 0 3 3 0 
3x3_928, 2 0 3 0 2 2 2 0 
4x4_823, 0 2 1 2 2 
2x2_115, 2 2 0 3 0 3 
3x3_931, 0 2 1 2 2 0 0 0 
3x3_678, 0 2 0 2 1 1 2 0 
3x3_590, 2 0 0 2 2 1 1 3 
61
3x3_918, 2 2 0 0 2 1 
4x4_596, 2 0 2 0 0 0 2 2 
3x3_973, 2 0 2 2 0 3 3 3 1 
4x4_266, 2 0 0 2 1 1 2 
3x3_831, 2 2 0 0 2 0 
3x3_844, 0 2 0 2 1 1 2 0 0 0 
3x3_923, 0 2 2 0 3 0 2 2 
3x3_313, 0 0 2 2 1 2 1 3 
3x3_250, 2 2 0 0 0 2 
4x4_756, 2 2 0 0 0 0 2 2 
3x3_616, 0 0 2 2 1 2 0 
3x3_345, 2 2 0 0 2 0 3 3 3 1 
3x3_785, 0 0 2 2 0 2 
3x3_439, 2 2 0 2 0 3 3 3 
4x4_298, 0 0 2 2 1 1 2 
3x3_500, 2 2 0 3 3 0 2 0 
3x3_642, 2 2 0 0 2 0 3 3 3 1 
3x3_298, 0 0 2 2 1 1 2 0 
3x3_531, 0 0 2 2 1 1 2 
3x3_875, 0 0 2 2 1 1 2 
3x3_696, 2 0 3 0 2 2 2 0 
3x3_702, 2 2 0 3 0 3 0 2 2 
3x3_38, 2 0 3 0 2 2 0 3 
3x3_753, 0 2 2 2 0 0 3 3 
62
3x3_680, 0 2 0 2 2 0 3 
3x3_165, 2 2 0 0 2 1 
3x3_556, 2 0 0 3 0 2 2 
3x3_456, 2 0 0 2 0 3 3 1 
3x3_669, 0 2 2 0 3 0 2 2 
3x3_465, 2 0 0 2 1 1 2 
3x3_213, 0 2 2 0 2 0 3 3 3 
3x3_255, 2 0 3 0 2 2 0 2 
3x3_291, 0 2 2 0 0 2 1 1 1 3 
3x3_560, 0 0 2 2 1 2 0 0 
3x3_49, 0 0 2 0 2 1 1 1 
3x3_235, 2 2 0 0 0 3 3 
3x3_890, 2 2 0 2 0 0 3 3 3 
3x3_824, 2 0 2 0 0 3 3 1 
3x3_22, 0 0 2 2 1 2 1 
4x4_994, 0 0 2 2 1 1 2 
3x3_695, 0 0 2 2 2 0 
3x3_807, 2 2 0 0 3 3 0 
3x3_461, 2 2 0 2 0 0 3 3 3 
3x3_600, 2 2 0 3 3 0 2 0 
3x3_257, 0 2 0 0 2 2 1 1 1 
3x3_823, 0 0 2 1 2 1 2 0 
3x3_61, 0 2 1 2 0 0 2 
2x2_243, 0 2 2 0 3 3 
3x3_987, 2 0 2 2 0 3 0 
63
3x3_789, 0 2 0 2 0 2 1 1 1 3 
3x3_537, 2 0 2 0 3 0 2 2 
3x3_866, 2 0 0 2 1 2 0 0 
3x3_876, 0 2 0 2 1 1 2 0 
3x3_541, 2 2 0 2 0 0 3 3 3 
4x4_63, 0 2 0 2 0 2 2 1 1 1 
3x3_354, 2 2 0 3 0 0 2 
3x3_559, 0 0 2 1 2 0 2 1 
3x3_863, 0 0 2 2 1 1 2 
2x2_231, 2 0 0 2 1 1 
3x3_497, 0 0 2 1 2 0 0 2 1 1 
3x3_482, 2 2 0 3 3 0 0 
4x4_739, 2 2 0 0 3 3 0 0 
3x3_1, 0 0 0 2 2 1 2 
4x4_113, 2 2 0 0 3 3 0 0 
1x3_35, 2 2 0 3 
64
3x3_637, 0 0 2 1 2 1 2 
3x3_623, 0 0 2 2 2 0 3 
3x3_276, 2 2 0 2 0 3 3 3 
3x3_613, 2 0 2 0 0 2 1 1 1 
3x3_936, 0 0 2 2 2 1 1 3 
3x3_297, 0 2 2 1 2 0 0 0 
3x3_295, 0 0 2 2 0 2 1 1 1 3 3 
4x4_145, 0 2 2 2 2 1 
3x3_722, 0 0 2 1 1 2 
3x3_80, 0 0 2 1 2 2 0 
3x3_697, 0 2 2 2 0 0 3 
3x3_515, 2 2 0 3 3 0 0 2 
3x3_592, 0 0 2 2 2 
3x3_508, 0 0 2 1 1 2 2 
3x3_368, 0 0 2 2 1 2 1 
3x3_453, 2 2 0 3 3 0 0 
4x4_259, 2 0 3 0 0 0 
3x3_158, 2 0 2 2 0 0 3 3 3 
65
3x3_350, 2 2 0 0 2 1 
3x3_835, 2 2 0 0 0 2 1 
3x3_17, 2 0 0 2 0 3 3 1 
3x3_147, 0 0 2 2 0 3 3 
3x3_604, 2 2 0 0 0 2 1 1 
3x3_470, 2 2 2 0 3 0 3 3 0 
3x3_448, 2 0 0 0 3 1 1 
4x4_365, 2 2 0 0 0 0 2 2 1 
4x4_546, 2 2 0 0 0 0 2 
3x3_842, 0 2 2 1 2 0 0 
3x3_6, 2 0 0 0 2 2 1 1 1 
3x3_292, 2 2 0 0 2 0 3 3 
3x3_382, 2 0 0 3 0 2 2 2 
3x3_628, 2 2 0 3 0 3 0 
3x3_312, 2 0 3 0 0 2 2 2 
3x3_336, 2 2 0 3 3 0 
3x3_638, 2 2 0 3 0 0 2 
3x3_198, 2 2 0 3 3 0 0 2 
3x3_7, 2 2 0 0 3 3 1 
3x3_533, 2 2 0 0 3 0 2 
3x3_751, 0 0 2 2 1 1 2 0 0 0 
3x3_434, 2 2 0 3 0 0 2 
3x3_10, 0 0 2 1 2 1 2 0 
3x3_43, 0 0 0 2 2 1 2 1 
3x3_799, 2 2 0 2 0 3 0 
4x4_236, 0 2 2 1 2 2 0 0 
66
3x3_187, 2 2 0 0 0 2 1 
3x3_57, 2 2 0 0 0 2 1 
3x3_274, 2 2 0 0 2 
3x3_205, 2 2 0 0 0 2 1 
3x3_332, 0 0 2 0 2 1 1 1 
3x3_91, 0 0 2 1 1 2 
4x4_69, 0 0 2 2 2 2 0 
3x3_195, 2 2 0 0 2 1 1 
3x3_966, 2 2 0 0 2 0 3 3 3 1 1 
3x3_618, 2 2 0 3 0 3 
3x3_464, 0 0 2 1 2 2 1 
3x3_815, 2 0 0 3 0 2 2 2 
3x3_390, 2 2 0 0 2 0 3 3 
67
3x3_142, 0 2 0 2 0 2 1 1 1 3 
3x3_879, 0 0 2 2 1 1 2 
3x3_865, 2 2 0 0 0 2 1 1 
4x4_647, 0 2 0 2 2 0 0 3 
4x4_918, 0 2 0 2 2 0 2 0 
3x3_990, 2 2 0 0 0 2 1 1 
3x3_904, 0 0 2 1 2 1 2 0 0 
3x3_419, 2 2 0 3 3 0 
3x3_635, 0 2 0 3 0 2 2 
3x3_565, 2 2 0 0 0 3 3 1 1 
3x3_832, 0 0 2 2 0 2 1 1 1 
3x3_90, 0 0 2 1 2 0 0 2 1 1 
3x3_326, 2 0 2 0 3 0 3 1 
3x3_776, 2 0 2 1 2 0 0 
3x3_617, 2 0 3 0 0 2 2 2 
3x3_698, 0 2 1 2 0 0 0 2 
3x3_930, 2 2 0 3 3 0 0 
3x3_320, 2 0 2 2 0 0 3 
3x3_677, 2 2 0 3 0 2 0 3 
3x3_29, 0 0 0 2 2 1 2 
3x3_52, 2 2 0 2 0 3 0 
68
3x3_226, 0 0 2 2 0 3 3 
3x3_544, 2 0 2 0 0 2 1 1 
3x3_479, 0 0 2 2 2 0 3 
3x3_347, 0 0 0 2 1 2 2 
3x3_885, 2 0 2 0 0 3 3 1 1 
3x3_151, 2 0 2 1 2 0 0 0 
4x4_651, 2 0 3 0 0 2 0 
3x3_512, 2 0 3 0 2 2 0 
3x3_150, 0 0 2 1 2 0 2 0 
3x3_572, 2 2 0 0 3 1 3 0 
3x3_227, 0 0 2 1 2 2 0 0 
3x3_420, 0 2 2 2 0 0 3 3 3 
3x3_85, 0 0 2 2 2 1 1 
3x3_920, 2 2 0 3 3 0 0 
3x3_802, 2 2 0 3 0 3 1 
3x3_277, 0 0 0 2 1 2 1 2 
3x3_621, 0 0 2 2 0 2 1 1 1 3 3 
3x3_403, 0 0 2 2 2 1 1 3 3 
3x3_793, 2 2 0 2 0 3 3 0 
4x4_50, 0 2 1 2 2 2 
3x3_8, 2 0 2 2 0 3 0 
3x3_103, 0 2 2 1 2 0 0 
69
3x3_806, 2 0 0 2 1 2 0 
4x4_26, 0 0 2 2 0 2 0 3 
3x3_532, 2 2 2 0 3 0 3 3 0 2 
3x3_956, 0 2 0 2 1 1 2 0 0 0 
4x4_341, 0 0 2 2 2 2 0 0 
3x3_780, 2 2 0 0 3 0 3 
3x3_369, 2 2 0 3 3 0 0 
3x3_28, 2 2 2 0 3 0 0 3 
1x3_40, 2 2 0 3 3 
3x3_119, 2 0 0 3 0 2 2 2 1 
3x3_131, 2 0 0 0 2 2 1 
70
3x3_124, 0 0 2 2 2 0 3 3 
4x4_213, 2 2 0 0 0 0 2 2 1 
3x3_845, 0 0 2 2 2 0 3 
3x3_309, 0 2 2 1 2 0 0 0 
3x3_246, 2 2 0 0 2 0 3 3 3 1 1 
3x3_905, 2 2 0 0 0 2 1 
3x3_50, 2 2 0 3 0 2 2 0 
3x3_892, 2 2 0 0 2 0 3 3 3 1 1 
3x3_280, 0 0 0 2 1 2 1 2 0 
3x3_884, 0 0 2 1 2 2 0 
3x3_522, 0 2 2 2 0 0 3 3 
3x3_583, 0 0 0 2 1 2 2 1 
3x3_234, 0 0 0 2 1 1 2 2 
4x4_289, 0 0 2 1 2 2 2 0 
3x3_128, 2 2 0 3 0 2 0 3 3 
3x3_196, 2 0 2 0 2 0 3 3 3 1 
3x3_974, 2 2 0 3 0 2 2 0 3 
71
3x3_364, 0 0 2 2 0 3 3 
3x3_944, 2 2 0 0 2 1 1 
3x3_878, 0 2 2 1 2 0 0 0 3 
3x3_518, 0 0 2 2 2 0 
3x3_406, 0 2 1 2 0 0 0 2 
3x3_652, 0 2 0 2 1 2 0 0 3 
3x3_413, 0 0 2 1 1 2 
3x3_170, 2 0 0 3 0 2 2 2 1 
4x4_730, 2 2 0 0 0 0 2 2 
4x4_712, 2 2 0 3 3 0 0 
3x3_893, 2 2 0 2 0 0 3 3 3 1 1 
3x3_385, 2 0 3 0 2 2 2 0 
3x3_318, 0 0 2 1 2 0 0 2 1 1 
3x3_136, 2 2 2 0 3 0 0 3 
3x3_224, 0 2 2 1 2 0 0 0 
3x3_925, 2 2 2 0 3 3 0 0 
3x3_612, 2 2 0 2 0 0 3 3 
72
2x2_277, 2 2 0 3 0 
3x3_595, 2 0 0 3 0 2 2 2 1 
4x4_749, 2 2 0 3 3 0 
3x3_711, 2 0 2 0 0 2 1 1 1 
4x4_495, 2 2 0 3 3 0 
3x3_96, 2 2 0 2 0 0 3 3 3 1 1 
3x3_474, 0 0 2 1 2 0 0 2 
3x3_594, 2 0 3 0 2 2 2 0 3 
3x3_172, 2 0 3 0 2 2 0 
3x3_473, 2 0 0 3 0 2 2 
73
3x3_873, 0 2 0 2 1 2 0 0 3 
3x3_485, 2 2 0 0 0 2 1 1 
3x3_168, 0 0 2 2 2 1 1 3 3 
3x3_983, 2 0 3 0 2 0 2 2 
3x3_577, 0 0 2 1 2 1 2 0 0 0 
3x3_625, 0 0 0 2 1 2 2 
3x3_665, 0 0 0 2 1 2 0 2 1 
3x3_272, 0 0 2 1 2 0 2 1 1 
3x3_897, 2 2 2 0 3 0 3 0 2 
3x3_279, 0 0 2 1 2 2 0 0 
74
3x3_771, 2 2 0 0 0 3 3 1 1 
4x4_634, 0 2 2 0 2 0 2 1 
3x3_850, 2 2 0 0 2 1 1 
3x3_380, 0 2 2 0 2 0 3 3 3 
3x3_59, 0 2 2 2 0 0 3 3 3 
2x2_29, 0 0 2 1 2 
4x4_178, 2 2 0 0 0 0 3 3 1 
3x3_238, 2 2 0 3 0 0 2 2 
3x3_247, 0 2 2 2 0 0 3 3 
4x4_485, 0 0 2 0 2 2 2 1 1 
3x3_430, 2 2 2 0 3 0 3 0 2 
3x3_742, 0 0 2 1 1 
3x3_657, 2 2 2 0 3 3 0 2 0 3 
3x3_285, 0 2 1 2 0 2 0 0 
4x4_102, 2 2 0 3 3 0 0 0 
4x4_290, 0 2 0 3 0 2 0 
75
3x3_921, 2 0 2 1 2 0 0 0 
3x3_435, 0 2 0 3 0 2 2 2 1 
3x3_949, 2 2 0 3 0 2 0 2 
3x3_715, 2 0 2 1 2 0 0 0 
3x3_770, 0 0 2 2 1 3 1 
3x3_21, 0 0 2 1 2 2 0 0 
3x3_194, 2 2 2 0 3 0 0 2 
3x3_668, 2 0 0 2 1 2 1 3 
3x3_289, 0 0 0 2 2 1 2 1 1 
76
3x3_78, 2 2 0 0 2 1 
3x3_20, 0 2 2 0 2 0 3 3 
2x2_138, 0 0 2 1 2 
3x3_765, 2 2 2 0 0 3 0 
2x2_184, 2 2 0 3 0 
3x3_836, 0 0 0 2 1 2 2 0 
4x4_167, 0 0 2 1 2 2 2 1 
3x3_339, 0 0 2 1 2 1 3 
3x3_427, 2 0 2 0 3 0 2 2 1 1 
3x3_381, 0 2 2 0 3 3 0 
3x3_895, 0 0 2 1 2 0 0 2 
4x4_100, 2 0 2 2 2 0 0 3 0 3 
4x4_865, 2 0 0 0 2 2 2 0 
4x4_920, 0 2 2 1 2 2 0 0 0 
3x3_376, 0 2 2 1 2 0 
77
3x3_763, 0 2 2 0 3 3 
3x3_750, 0 0 0 2 2 1 1 1 
3x3_978, 0 0 2 2 2 0 3 3 
3x3_365, 2 2 2 0 3 0 0 2 
2x2_96, 0 0 2 1 2 
3x3_726, 2 2 2 0 3 0 0 3 3 
3x3_631, 0 0 0 2 2 1 2 
3x3_492, 0 0 0 2 2 1 2 1 
3x3_889, 2 2 0 3 0 2 0 3 3 1 
3x3_71, 2 2 2 0 3 3 0 3 0 2 
3x3_758, 0 0 2 1 2 0 2 1 1 
78
3x3_438, 0 2 0 2 2 0 3 3 3 1 
3x3_209, 2 0 0 0 2 2 1 1 
3x3_316, 2 0 2 0 3 0 2 2 1 
2x2_222, 0 0 2 1 2 
3x3_278, 2 2 0 3 0 0 3 1 1 
4x4_9, 0 0 2 1 2 2 0 2 0 
3x3_214, 2 2 0 0 0 2 1 1 1 
3x3_914, 2 2 2 0 3 0 0 3 3 
3x3_820, 0 0 0 2 1 2 1 1 2 0 
3x3_549, 2 2 2 0 0 3 0 
3x3_249, 0 0 0 2 1 1 2 1 2 0 
79
4x4_459, 0 2 2 2 1 2 0 
3x3_888, 2 2 0 2 0 0 3 3 3 1 1 
3x3_5, 2 2 2 0 3 0 0 2 
3x3_342, 2 0 2 0 0 3 3 1 
3x3_446, 2 0 2 0 2 1 1 3 
3x3_76, 0 0 0 2 1 2 2 1 1 
3x3_744, 2 2 2 0 0 3 0 3 
3x3_400, 2 2 0 2 0 3 3 3 0 2 
3x3_852, 0 0 0 2 1 2 1 2 0 
3x3_517, 2 2 2 0 3 0 2 0 3 
4x4_276, 2 0 2 0 2 1 1 3 
80
4x4_649, 0 2 2 1 2 0 0 0 0 
3x3_48, 0 2 2 1 2 0 0 0 3 
3x3_426, 0 0 0 2 1 2 2 0 
3x3_87, 0 0 2 0 2 2 1 1 
3x3_784, 0 2 2 0 0 2 1 1 1 3 3 
3x3_859, 2 2 2 0 3 3 0 0 2 
3x3_421, 2 2 0 0 0 3 3 1 1 
4x4_668, 0 2 2 1 2 0 2 0 0 
3x3_363, 0 0 0 2 2 1 1 2 
3x3_370, 2 0 3 0 2 0 3 
3x3_254, 0 0 0 2 2 1 2 1 
81
4x4_292, 2 2 0 3 3 0 
4x4_873, 2 2 0 3 3 
3x3_329, 2 2 0 3 0 2 0 2 
3x3_626, 0 0 0 2 1 1 2 1 2 
3x3_906, 2 2 2 0 3 0 0 2 
3x3_843, 2 2 2 0 3 0 0 2 
3x3_319, 2 0 3 0 2 2 0 2 
3x3_947, 0 0 0 2 2 1 1 2 
4x4_255, 2 2 0 3 3 0 0 
3x3_720, 2 2 2 0 3 3 3 0 
3x3_267, 2 2 0 3 0 2 0 3 3 1 
82
2x2_8, 0 0 2 1 2 1 
3x3_828, 2 2 2 0 3 0 0 2 
3x3_705, 0 0 2 1 2 2 0 0 
3x3_899, 2 2 0 0 3 0 2 2 
3x3_379, 2 2 0 3 3 0 2 2 0 3 
3x3_942, 0 0 0 2 1 2 2 1 
3x3_45, 2 2 0 0 0 2 1 1 1 
4x4_151, 0 2 2 1 2 2 0 0 0 
1x3_46, 2 2 0 3 3 
83
3x3_189, 2 2 0 0 0 2 1 
4x4_535, 2 2 0 0 0 0 2 2 
2x2_83, 2 2 0 3 0 3 
3x3_190, 0 0 2 2 1 1 3 
4x4_108, 0 2 2 0 2 1 1 2 0 
3x3_287, 2 2 2 0 3 0 2 0 3 
3x3_251, 0 0 2 1 2 2 0 0 3 3 
3x3_606, 2 2 2 0 3 0 2 0 3 3 
3x3_203, 2 0 2 2 0 3 0 3 3 1 1 
84
3x3_877, 0 2 0 3 0 2 2 2 1 
2x2_206, 2 2 0 3 0 3 
3x3_629, 2 2 2 0 3 0 3 3 
3x3_748, 2 2 2 0 3 0 2 0 3 3 3 
3x3_811, 2 2 0 0 3 3 0 2 
3x3_535, 2 2 2 0 3 0 3 0 3 
3x3_388, 2 2 0 0 3 1 3 0 0 2 
3x3_95, 0 0 0 2 1 2 1 1 
3x3_19, 0 0 0 2 2 1 1 2 1 
3x3_550, 0 0 0 2 1 2 1 1 
85
3x3_998, 2 0 2 2 0 3 3 3 1 
3x3_111, 0 0 2 1 2 0 2 0 3 3 3 
3x3_543, 2 2 2 0 3 0 3 0 3 1 
4x4_78, 2 0 3 0 0 2 0 3 
2x2_266, 0 0 2 1 1 
3x3_666, 0 0 2 0 2 1 1 2 1 
3x3_809, 2 2 2 0 3 0 0 3 3 
3x3_139, 2 0 0 2 1 2 0 0 3 
3x3_800, 0 0 0 2 1 2 0 2 1 1 
2x2_111, 2 2 0 3 3 
3x3_963, 0 0 0 2 2 1 1 2 
4x4_92, 0 2 2 2 0 2 1 1 
4x4_351, 2 2 0 0 0 0 2 2 1 
3x3_509, 2 2 2 0 3 0 2 
3x3_622, 0 0 0 2 2 1 2 1 
3x3_768, 2 2 0 0 2 0 
4x4_241, 0 2 2 1 2 2 0 0 
86
3x3_94, 2 0 0 3 0 2 2 2 1 
2x2_148, 0 0 2 1 2 1 
3x3_325, 0 0 2 2 2 0 3 3 3 
3x3_803, 2 2 2 0 3 3 0 2 0 2 
4x4_510, 2 0 3 0 2 2 2 2 0 
3x3_773, 0 0 0 2 1 2 2 1 1 
3x3_797, 2 2 0 2 0 0 3 3 3 
3x3_42, 2 2 2 0 3 3 0 2 0 2 
4x4_919, 2 0 2 0 2 1 1 
3x3_759, 2 2 0 2 0 3 3 3 0 
3x3_673, 0 2 2 0 0 3 3 1 
3x3_917, 0 0 0 2 1 1 2 1 
4x4_147, 2 2 0 0 0 0 3 3 
3x3_644, 2 2 2 0 0 3 3 0 3 
3x3_767, 0 0 0 2 1 1 2 2 0 
3x3_51, 0 2 1 2 0 2 0 0 
87
3x3_466, 2 0 0 0 2 1 2 1 
4x4_850, 2 2 0 2 0 2 1 
4x4_713, 0 0 2 0 2 2 0 2 
2x2_137, 2 2 0 3 3 
3x3_176, 2 2 0 3 0 3 0 2 2 
3x3_327, 2 2 2 0 3 0 3 3 
3x3_713, 0 0 0 2 1 1 2 2 0 
3x3_636, 0 0 0 2 1 1 2 2 1 
3x3_62, 0 2 2 2 0 3 0 3 
3x3_501, 2 2 0 0 0 3 3 1 1 
88
3x3_510, 0 0 0 2 1 2 2 1 1 3 
2x2_95, 0 0 2 1 2 0 
3x3_41, 0 2 1 2 0 0 3 0 2 2 
3x3_440, 0 2 2 1 2 0 0 0 
89
3x3_268, 2 2 0 0 0 2 1 1 1 
3x3_218, 0 2 0 3 0 2 2 2 1 
2x2_238, 2 2 0 3 0 3 
2x2_205, 0 0 2 1 2 1 
3x3_523, 2 2 2 0 3 0 0 2 
2x2_12, 0 0 2 1 2 0 
3x3_331, 2 0 0 2 2 0 3 3 3 1 1 
3x3_528, 2 2 2 0 0 3 0 3 3 1 
3x3_955, 2 2 2 0 3 0 0 
3x3_262, 2 2 2 0 0 3 0 3 3 
2x2_177, 0 0 2 1 1 
2x2_250, 0 0 2 1 2 1 3 
3x3_120, 0 0 2 0 2 1 2 1 1 3 
3x3_477, 2 2 2 0 3 3 3 0 2 0 
3x3_305, 2 2 2 0 3 3 0 0 2 2 
4x4_949, 0 0 0 2 2 2 0 2 
3x3_971, 2 2 2 0 3 0 0 2 
3x3_827, 2 2 2 0 0 3 0 3 3 
3x3_953, 2 0 2 2 0 3 3 3 1 
90
2x2_176, 0 0 2 1 2 1 
2x2_161, 2 2 0 3 3 
3x3_749, 0 2 2 2 0 3 3 3 0 2 
2x2_77, 2 2 0 3 0 3 1 
3x3_93, 2 0 3 0 2 2 2 0 
4x4_29, 0 0 2 1 2 0 0 2 0 2 
4x4_506, 0 0 2 2 1 3 1 2 2 
3x3_391, 2 2 0 3 0 0 2 2 1 
3x3_392, 2 2 2 0 0 3 3 0 
91
2x2_218, 0 0 2 1 2 1 3 
2x2_126, 2 2 0 3 3 
2x2_112, 0 0 2 1 1 
4x4_814, 2 0 2 1 2 0 0 0 0 2 
3x3_346, 0 0 0 2 2 1 2 1 1 
3x3_154, 2 2 2 0 0 3 1 3 0 0 
3x3_732, 0 0 0 2 1 1 2 2 0 0 
3x3_416, 0 0 0 2 1 2 2 0 
3x3_348, 2 0 2 2 0 3 0 3 1 3 
3x3_946, 2 2 0 0 0 2 1 1 1 
3x3_611, 0 2 2 0 0 2 1 1 1 3 
92
4x4_432, 2 2 0 0 3 3 0 0 2 2 2 
3x3_948, 2 0 2 1 2 0 0 0 3 3 3 1 
3x3_340, 0 2 2 0 3 0 2 2 1 
3x3_454, 2 2 2 0 0 3 0 2 
3x3_558, 2 2 0 3 0 3 0 2 2 
4x4_295, 0 0 0 2 2 2 2 0 
4x4_909, 0 0 2 1 2 2 2 0 0 0 
3x3_140, 0 0 0 2 1 2 2 1 1 
3x3_34, 2 2 0 0 0 3 1 3 
2x2_284, 2 2 0 3 0 3 1 
2x2_202, 0 0 2 1 1 
2x2_212, 2 2 0 3 0 3 1 
4x4_1000, 0 2 2 1 2 0 0 0 0 2 
2x2_107, 2 2 0 0 3 1 3 
3x3_169, 2 2 2 0 3 3 0 0 2 
3x3_284, 2 2 0 3 0 2 0 2 1 
3x3_4, 2 2 0 3 0 2 2 0 
2x2_62, 0 0 2 2 1 3 1 
3x3_259, 0 0 0 2 2 1 1 2 1 
93
3x3_442, 2 0 2 1 2 0 0 0 3 3 
3x3_679, 2 2 2 0 3 0 0 2 
3x3_911, 0 0 0 2 1 2 0 2 1 1 1 
3x3_97, 0 0 0 2 1 1 2 2 0 0 
4x4_230, 2 2 0 3 3 0 0 0 
3x3_424, 2 0 3 0 2 2 2 0 3 
94
3x3_663, 0 0 2 1 1 2 
3x3_270, 0 0 2 1 2 0 2 1 1 3 3 
3x3_976, 0 0 2 1 2 2 0 0 3 
2x2_244, 2 2 0 3 0 3 1 
3x3_377, 0 0 0 2 2 1 1 1 
3x3_690, 2 2 2 0 3 0 3 1 3 0 
3x3_938, 0 0 0 2 1 1 2 2 0 
3x3_883, 2 2 0 0 2 0 3 3 1 3 
3x3_371, 0 0 2 1 2 0 0 2 
4x4_170, 2 0 0 2 2 0 0 2 
3x3_302, 0 2 0 3 0 2 2 1 2 
95
4x4_898, 2 2 2 0 3 0 0 2 2 
3x3_356, 0 0 2 1 1 2 0 0 0 2 1 
4x4_926, 2 2 0 0 3 3 0 0 2 
3x3_2, 0 0 2 1 1 2 0 0 2 1 1 
3x3_968, 2 2 0 0 0 3 3 1 2 1 3 
2x2_105, 0 0 2 1 2 1 3 
3x3_640, 2 2 2 0 3 3 0 3 0 
2x2_23, 2 2 0 0 3 1 3 
3x3_156, 0 2 1 2 2 0 3 0 2 
3x3_891, 0 0 0 2 1 2 0 
3x3_117, 0 2 0 3 0 2 2 1 1 1 3 
96
3x3_819, 0 2 0 0 2 1 1 1 
3x3_769, 0 0 2 1 2 1 2 0 0 0 
3x3_681, 2 0 3 0 0 2 1 2 2 0 
4x4_650, 2 2 0 0 0 2 0 2 1 
3x3_27, 0 2 0 0 2 2 1 1 3 1 3 
2x2_15, 0 0 2 1 2 1 3 
4x4_808, 0 0 0 2 1 2 0 2 2 0 
3x3_610, 0 2 1 2 0 0 2 0 
3x3_849, 0 0 0 2 1 1 2 0 0 2 1 
2x2_208, 0 0 2 2 1 3 1 
3x3_164, 2 0 3 0 2 2 2 0 3 3 
97
4x4_48, 0 2 2 0 0 2 0 3 3 3 
4x4_943, 2 0 0 2 2 0 2 1 1 1 
3x3_252, 2 2 0 2 0 3 3 0 3 1 1 
3x3_915, 2 2 2 0 3 3 0 2 0 3 3 1 
3x3_504, 2 2 2 0 3 3 0 2 0 
3x3_772, 2 2 2 0 3 0 0 3 3 1 1 
3x3_294, 0 0 2 2 2 1 3 1 
3x3_171, 2 2 2 0 3 0 0 3 3 1 
3x3_708, 2 0 3 0 2 2 2 0 
3x3_481, 0 2 2 0 0 3 1 3 
3x3_639, 0 2 2 0 2 0 3 3 1 3 0 
4x4_809, 0 0 2 1 2 1 2 0 2 
98
3x3_54, 0 2 0 0 2 1 1 2 1 3 
4x4_263, 2 2 0 0 2 2 0 0 3 3 3 3 
4x4_43, 2 0 2 0 3 3 0 2 2 2 2 0 
3x3_945, 2 2 2 0 3 0 0 3 3 1 1 
3x3_867, 2 2 2 0 3 3 0 0 3 
3x3_175, 0 0 2 2 2 1 3 1 
3x3_108, 0 0 0 2 1 1 2 2 1 
3x3_240, 0 0 0 2 1 2 2 0 
99
3x3_366, 0 2 0 2 1 2 0 0 3 3 
3x3_307, 0 2 2 2 0 0 3 3 3 
3x3_146, 2 0 0 0 2 1 2 0 
4x4_928, 2 2 0 0 2 2 0 3 3 3 3 
3x3_796, 0 2 1 2 0 2 1 
3x3_502, 2 2 2 0 0 3 0 3 3 1 1 
4x4_222, 2 2 0 0 0 0 2 2 1 
4x4_778, 0 0 0 2 2 2 2 1 1 1 3 
4x4_945, 0 0 0 2 0 2 2 1 2 1 1 1 
3x3_545, 2 0 3 0 0 2 1 2 2 0 
3x3_961, 2 2 0 0 2 0 3 3 1 3 1 
3x3_281, 0 0 2 1 1 2 2 0 0 
4x4_677, 2 0 2 2 2 0 0 0 3 3 3 
3x3_77, 0 0 2 0 2 2 1 3 1 1 
3x3_645, 2 2 2 0 0 3 0 3 3 1 1 
3x3_822, 2 2 0 2 0 3 3 3 
3x3_83, 2 0 2 0 3 3 0 2 2 2 1 
3x3_676, 2 0 0 2 1 2 0 0 3 
3x3_496, 0 2 0 3 0 2 2 2 1 1 
100
3x3_121, 0 0 2 0 2 2 1 1 1 3 3 
4x4_37, 0 0 2 2 0 2 2 1 1 1 
4x4_980, 2 2 0 3 0 0 0 2 2 2 
3x3_718, 0 0 0 2 2 1 2 1 1 3 3 
3x3_44, 0 0 0 2 1 1 2 0 0 2 
3x3_932, 0 0 0 2 1 2 2 1 1 3 3 
4x4_992, 0 2 1 2 0 0 0 0 2 2 1 1 
4x4_188, 0 0 0 2 2 1 1 1 2 
3x3_630, 2 0 3 0 2 2 2 0 
101
2x2_61, 0 0 2 1 2 0 
4x4_891, 0 0 2 1 1 2 2 0 2 
4x4_333, 0 2 1 2 0 2 0 2 0 0 
3x3_547, 2 0 0 0 2 1 2 0 
3x3_155, 0 2 2 2 0 3 3 0 2 2 
4x4_301, 2 2 0 0 3 0 0 2 2 2 
4x4_35, 2 0 2 2 2 0 0 0 3 3 3 
3x3_33, 2 2 2 0 0 0 3 1 3 3 
3x3_598, 0 0 0 2 2 1 2 1 3 1 
3x3_601, 0 0 2 2 0 2 1 1 1 3 0 3 1 
4x4_231, 0 0 2 0 0 2 1 2 2 1 1 
3x3_401, 0 0 0 2 2 1 2 1 3 1 
3x3_599, 0 2 2 2 0 3 0 2 
4x4_177, 2 0 0 3 0 2 0 2 2 2 
3x3_56, 0 0 2 1 1 2 0 2 1 
102
3x3_684, 2 2 0 2 0 3 3 3 0 
3x3_450, 2 0 2 1 2 0 0 3 0 3 3 
3x3_402, 0 2 2 2 0 0 3 3 3 
4x4_806, 0 2 2 0 2 1 2 1 3 
3x3_182, 2 2 2 0 3 3 0 0 2 
4x4_931, 2 0 3 0 2 2 2 2 0 0 3 
2x2_85, 0 0 2 1 1 
3x3_422, 2 2 0 3 0 2 0 2 1 1 1 
103
4x4_956, 2 0 2 1 2 0 0 0 0 3 3 3 
3x3_775, 0 2 0 0 2 1 1 2 0 0 
3x3_858, 0 0 0 2 2 1 2 1 1 3 3 
4x4_97, 2 2 0 3 0 0 3 0 2 2 
4x4_639, 2 0 3 0 2 2 2 2 0 0 
4x4_859, 0 2 1 2 0 0 0 0 2 2 
3x3_870, 2 2 2 0 3 3 3 0 
3x3_825, 0 0 2 2 0 2 1 1 3 1 3 
3x3_538, 2 2 2 0 0 0 3 1 3 0 
104
3x3_650, 2 2 0 3 0 0 2 2 
4x4_765, 2 2 0 0 0 2 2 0 
3x3_648, 0 0 2 0 2 2 1 3 1 2 
4x4_335, 0 0 2 2 2 1 2 0 0 0 
4x4_124, 0 0 2 0 2 2 0 3 
witness_6, 2 2 2 0 3 0 3 1 3 
3x3_288, 2 2 2 0 3 3 0 0 3 1 1 
4x4_618, 0 2 1 2 0 0 3 0 0 2 2 2 1 
3x3_367, 0 2 0 3 0 2 2 
4x4_885, 0 0 2 1 2 1 2 0 0 2 0 
4x4_217, 2 0 2 0 0 0 3 3 1 1 
105
2x2_84, 2 2 0 3 0 2 
3x3_588, 2 2 2 0 3 3 0 2 0 2 
3x3_433, 2 2 2 0 3 0 0 3 1 1 3 0 
3x3_834, 0 0 0 2 1 2 2 0 
3x3_608, 0 0 2 2 0 2 1 1 3 1 2 
4x4_471, 2 0 2 2 2 0 0 3 3 3 3 
3x3_159, 0 0 0 2 1 2 2 1 1 3 
3x3_88, 2 0 0 3 0 2 2 1 2 0 
3x3_603, 0 0 0 2 1 2 1 2 1 3 3 
3x3_299, 0 2 1 2 2 0 3 0 0 2 
3x3_752, 0 0 2 1 1 2 0 0 0 2 
2x2_57, 0 0 2 1 1 
4x4_607, 0 2 2 1 2 0 0 0 0 2 
3x3_788, 2 2 2 0 0 3 3 3 1 
4x4_140, 2 2 0 2 0 2 0 3 3 3 3 1 
106
3x3_206, 2 0 0 0 2 1 2 0 
4x4_532, 0 0 2 1 1 2 0 2 1 
3x3_398, 2 2 2 0 0 0 3 1 3 0 3 1 1 
2x2_279, 2 2 0 3 3 
3x3_781, 2 2 2 0 3 3 0 2 2 0 
3x3_685, 2 2 2 0 3 3 3 0 
3x3_967, 2 0 0 2 1 2 0 0 3 3 
4x4_795, 0 2 2 1 2 0 0 0 0 3 
3x3_503, 2 0 2 2 0 3 3 0 
107
3x3_574, 2 0 3 0 2 2 1 2 0 0 3 
4x4_785, 0 0 2 1 2 2 1 2 0 0 
3x3_300, 2 0 0 2 2 1 3 1 
3x3_358, 0 0 0 2 1 1 2 1 
4x4_544, 0 2 2 2 2 0 0 0 3 
3x3_72, 2 0 2 2 0 0 3 3 1 3 
4x4_675, 0 0 0 2 0 2 1 1 2 1 2 
3x3_754, 0 0 0 2 2 1 1 1 
3x3_881, 0 0 0 2 2 2 1 3 1 2 1 3 
4x4_321, 0 0 0 2 1 1 2 1 2 2 
4x4_669, 0 2 1 2 0 0 3 0 2 0 2 2 
4x4_799, 0 2 2 0 3 3 0 0 2 2 2 2 
108
4x4_882, 2 0 2 1 2 0 0 0 0 3 3 
3x3_712, 2 0 2 0 0 3 1 3 
3x3_99, 0 0 2 0 2 2 1 1 3 1 2 
3x3_447, 0 0 0 2 2 1 1 1 3 
3x3_243, 0 0 0 2 1 1 1 2 
3x3_244, 2 2 0 0 0 3 1 3 1 
4x4_67, 2 2 0 2 0 2 0 0 3 3 
4x4_797, 0 0 0 2 2 1 1 1 2 2 0 
3x3_519, 0 0 2 0 2 1 2 1 1 3 3 
109
3x3_116, 0 2 0 0 2 1 1 1 
3x3_764, 0 0 0 2 2 1 2 1 1 3 
110
4x4_387, 2 0 2 1 2 0 2 0 0 0 3 3 3 3 
4x4_610, 2 0 2 1 2 0 0 2 0 0 3 3 3 3 
3x3_882, 0 2 1 2 2 0 3 0 0 2 
3x3_954, 0 2 0 0 2 2 1 1 3 1 3 
3x3_591, 2 2 2 0 3 0 2 0 3 3 1 3 
3x3_736, 2 2 2 0 0 3 3 0 3 1 
4x4_964, 2 2 2 0 2 0 3 0 3 3 0 3 
3x3_130, 2 0 0 3 0 2 2 1 2 0 
3x3_838, 0 0 0 2 2 1 1 1 3 
3x3_738, 2 0 2 2 0 0 3 3 1 3 0 
3x3_60, 0 2 1 2 2 0 3 0 0 2 
111
4x4_640, 2 0 2 1 2 0 0 0 0 3 3 3 
4x4_281, 2 2 0 2 2 0 3 0 0 3 3 3 
4x4_740, 2 2 2 0 0 0 0 3 3 3 1 
3x3_840, 2 2 2 0 3 3 0 3 0 
3x3_322, 0 0 0 2 1 2 0 
2x2_257, 0 0 2 2 1 3 1 
3x3_534, 0 0 0 2 2 2 1 3 1 1 3 
4x4_604, 2 0 2 2 2 1 3 3 
3x3_981, 0 2 2 2 0 3 3 3 0 2 2 2 
3x3_848, 2 2 2 0 0 0 3 1 3 3 
4x4_492, 2 2 2 0 3 3 3 0 0 2 0 
112
4x4_13, 0 0 2 1 1 2 2 0 2 
4x4_381, 0 0 0 2 1 1 1 2 2 0 2 
3x3_362, 2 2 2 0 3 3 0 0 3 1 1 
3x3_570, 0 2 1 2 2 0 3 0 0 2 1 
4x4_791, 0 2 1 2 0 2 0 0 0 2 1 1 1 
3x3_555, 0 0 0 2 1 2 0 2 1 1 1 3 3 
3x3_404, 2 2 2 0 3 3 0 2 2 
3x3_860, 2 2 0 2 0 0 3 1 3 3 
4x4_327, 0 0 2 1 2 0 2 1 2 0 0 
4x4_598, 0 0 0 2 2 2 1 2 1 1 3 
3x3_675, 2 0 0 2 2 1 3 1 2 
3x3_581, 0 0 0 2 2 1 3 1 2 2 0 
113
3x3_425, 0 2 0 0 2 1 2 1 1 3 
4x4_467, 2 2 0 0 3 3 0 2 0 3 
3x3_273, 2 2 0 3 3 0 2 2 2 0 
4x4_367, 2 0 2 2 0 2 0 3 3 3 3 
4x4_570, 2 2 2 0 3 3 0 0 0 2 2 2 
4x4_172, 2 0 2 2 0 2 1 1 3 
4x4_988, 2 2 2 2 0 3 3 0 0 0 2 
4x4_505, 0 0 0 2 2 1 2 0 2 0 
4x4_442, 2 2 2 2 0 0 0 3 3 0 3 3 
3x3_582, 2 0 2 2 0 0 3 1 3 3 0 
2x2_152, 2 2 0 0 3 1 3 
3x3_263, 0 2 1 2 2 0 3 0 0 
3x3_63, 2 0 0 2 1 2 0 0 3 3 3 1 1 
4x4_660, 0 0 2 0 2 1 1 1 2 2 
3x3_208, 0 2 2 2 0 0 3 1 3 0 
2x2_269, 2 2 0 0 3 1 3 
3x3_79, 0 0 0 2 1 1 1 2 
114
3x3_216, 0 2 1 2 0 0 3 3 0 2 2 2 
4x4_970, 2 0 2 1 2 0 0 0 0 3 
4x4_83, 2 0 0 2 1 2 2 0 0 0 3 3 3 3 
4x4_880, 0 0 0 2 2 1 1 1 2 2 0 0 0 
4x4_811, 2 0 3 0 2 2 2 2 0 0 3 3 3 3 
4x4_862, 2 2 2 0 0 2 0 3 3 3 3 
3x3_271, 0 0 0 2 2 2 1 3 1 2 1 3 3 
3x3_939, 0 0 0 2 2 1 1 2 1 3 
4x4_628, 2 2 0 0 2 0 2 1 1 3 1 
3x3_141, 0 0 0 2 1 1 2 2 0 
3x3_546, 2 2 2 0 0 3 1 3 0 3 1 
3x3_200, 2 2 0 3 0 2 2 0 3 3 
4x4_822, 0 0 0 2 1 1 1 2 0 0 2 2 1 
3x3_58, 0 0 2 0 2 1 1 1 2 0 
115
4x4_55, 2 2 0 2 0 0 2 1 1 
4x4_352, 0 2 0 2 1 1 2 0 0 0 0 
3x3_153, 2 2 2 0 3 3 3 0 
4x4_383, 2 2 2 2 0 0 3 3 0 3 0 3 
4x4_385, 2 0 2 2 2 0 0 3 3 3 3 1 1 
4x4_450, 2 2 0 0 2 2 0 3 3 0 3 3 1 1 
2x2_104, 0 0 2 2 1 3 1 
3x3_901, 2 0 0 0 2 1 2 0 
4x4_905, 2 2 2 0 2 0 0 3 3 3 0 3 
116
3x3_341, 2 2 0 2 0 0 3 1 3 3 0 2 
3x3_221, 0 0 2 2 2 1 3 1 3 
4x4_685, 2 0 3 0 2 2 1 2 2 0 0 0 3 
4x4_391, 2 0 3 0 2 0 2 1 2 2 0 0 
3x3_671, 2 2 2 0 0 3 0 3 1 1 3 0 0 
4x4_414, 2 2 2 0 3 3 3 0 0 0 
117
4x4_73, 0 0 2 2 2 1 3 1 2 2 0 0 
3x3_460, 0 0 0 2 2 1 2 1 3 3 1 2 2 
3x3_476, 2 2 0 0 0 3 1 3 
4x4_143, 2 2 2 2 0 0 0 3 3 0 3 3 1 
4x4_582, 2 2 2 0 0 2 0 0 3 3 3 3 1 1 1 
3x3_98, 0 0 2 1 2 2 0 3 0 2 
3x3_659, 0 0 0 2 2 2 1 3 1 1 
4x4_827, 2 2 0 3 0 0 3 0 2 2 
3x3_774, 0 0 0 2 2 1 1 2 1 
4x4_271, 2 2 0 2 0 3 0 0 2 
4x4_313, 0 0 2 1 2 1 2 0 0 2 0 0 3 
118
4x4_6, 0 2 0 2 1 2 0 0 0 3 3 3 
4x4_483, 2 0 2 2 0 0 2 1 1 1 
4x4_4, 0 2 2 2 0 2 0 0 3 3 3 3 
4x4_742, 2 0 0 0 0 2 2 2 1 
3x3_554, 0 0 2 2 2 1 3 1 
4x4_201, 2 2 0 0 0 2 0 2 1 1 
3x3_821, 2 2 2 0 3 3 0 3 
3x3_605, 2 2 2 0 3 0 0 3 1 3 0 
3x3_814, 2 0 0 2 1 1 2 0 0 0 3 3 
3x3_269, 2 0 2 1 2 0 0 0 3 3 3 1 
3x3_927, 0 0 0 2 1 1 2 1 
4x4_68, 2 0 2 0 2 2 1 1 3 3 
3x3_181, 2 0 3 0 2 0 2 2 1 
4x4_70, 2 2 2 2 0 0 0 3 0 
3x3_65, 0 2 2 0 3 3 0 2 2 2 1 1 1 
3x3_81, 2 0 2 1 2 0 0 3 3 0 2 2 
3x3_566, 2 2 0 2 0 3 3 3 0 2 2 2 
3x3_138, 0 0 0 2 2 1 2 1 3 3 1 
4x4_326, 0 2 2 0 3 0 3 0 2 2 2 2 
119
4x4_209, 2 0 2 0 2 0 0 2 1 1 1 1 
3x3_264, 2 0 2 1 2 0 0 0 3 1 3 0 3 1 
3x3_709, 0 2 0 0 2 2 1 1 1 3 3 
4x4_328, 2 2 0 0 3 1 3 0 0 2 2 0 3 
3x3_232, 0 2 0 0 2 2 1 3 1 1 3 
120
4x4_895, 2 2 0 0 3 1 3 0 0 0 
4x4_609, 2 0 3 0 2 2 2 0 2 0 3 3 3 3 1 
3x3_66, 0 0 0 2 1 2 2 0 
4x4_861, 2 0 3 0 0 2 2 1 2 2 0 0 3 
4x4_758, 2 2 2 0 0 0 0 2 1 1 
4x4_44, 2 0 2 0 3 3 0 0 2 2 2 
3x3_790, 0 0 0 2 2 2 1 3 1 1 
3x3_225, 2 0 0 0 2 2 1 3 1 2 1 
4x4_287, 0 0 0 2 1 1 1 2 2 0 2 
3x3_261, 0 2 0 3 0 2 2 1 2 1 
121
3x3_614, 0 0 0 2 1 1 2 0 2 0 3 
4x4_584, 2 2 0 3 3 0 0 2 2 2 2 0 
4x4_711, 0 2 1 2 0 0 2 1 2 0 
4x4_753, 2 2 0 2 2 0 3 3 0 0 2 2 
3x3_760, 2 0 2 2 0 3 3 0 3 1 
3x3_641, 2 0 3 0 2 2 0 2 1 1 
3x3_173, 2 0 2 1 2 0 0 0 3 3 1 3 1 
4x4_237, 0 0 2 2 1 1 2 2 0 0 0 0 
4x4_133, 0 0 0 2 2 0 2 2 1 1 1 1 3 3 3 
4x4_854, 0 0 0 0 2 2 1 2 2 1 1 1 
3x3_539, 2 2 2 0 0 0 3 1 3 0 3 1 1 
3x3_910, 0 0 2 1 1 2 2 0 3 0 2 
4x4_990, 0 2 2 0 2 0 2 0 3 3 
4x4_322, 2 2 2 2 0 0 0 3 3 0 
122
3x3_721, 2 2 2 0 3 3 3 0 2 0 2 
3x3_290, 0 2 2 0 3 3 0 2 2 2 1 1 1 3 3 
3x3_573, 2 2 0 3 3 0 2 2 2 0 
4x4_127, 2 2 0 3 0 0 3 0 2 2 2 
4x4_872, 0 0 0 2 2 2 1 1 2 1 3 3 
3x3_658, 2 0 2 2 0 3 3 3 0 2 
3x3_707, 2 0 3 0 0 2 1 2 2 0 3 
3x3_719, 0 0 2 2 0 2 1 1 3 1 2 
4x4_993, 0 2 1 2 2 0 0 0 0 2 1 1 1 
4x4_757, 2 2 2 2 0 0 0 3 3 3 3 1 
4x4_989, 0 0 0 0 2 2 2 1 2 1 1 1 
4x4_851, 0 0 2 1 2 1 2 2 0 0 0 0 
4x4_171, 0 0 0 2 2 2 2 1 1 3 1 3 
4x4_437, 0 0 2 1 1 2 2 2 0 0 
3x3_880, 2 2 0 2 0 0 3 3 3 1 
123
3x3_643, 0 2 1 2 0 0 0 3 3 
4x4_929, 0 2 0 2 0 2 2 0 3 3 3 
4x4_12, 0 0 0 0 2 1 1 2 2 2 0 
4x4_912, 0 0 0 0 2 2 1 2 2 1 1 1 3 
3x3_82, 0 2 0 3 0 2 2 1 2 1 3 1 2 
4x4_448, 2 2 0 0 0 3 1 3 0 
4x4_615, 2 2 2 2 0 3 0 0 3 3 3 0 
4x4_690, 2 2 2 2 0 0 0 3 3 0 3 
4x4_242, 0 0 0 2 0 2 1 1 2 1 2 1 3 3 
4x4_568, 0 2 0 0 2 0 2 1 2 1 1 1 3 3 
3x3_472, 2 0 0 3 0 2 2 1 2 1 1 
4x4_761, 2 2 2 0 2 0 0 3 0 3 3 3 1 
124
4x4_440, 0 2 2 2 2 0 0 0 3 3 3 
4x4_297, 0 2 1 2 0 0 3 0 0 2 2 2 1 1 
4x4_968, 2 0 2 1 2 0 0 0 2 0 3 3 3 3 1 1 
4x4_123, 2 0 0 3 0 0 2 2 2 2 
3x3_839, 2 2 2 0 0 3 3 1 3 
4x4_539, 0 2 2 0 0 2 1 1 2 1 3 
4x4_848, 2 0 2 1 2 0 0 3 3 3 
4x4_579, 0 0 0 0 2 2 1 2 2 1 1 1 
4x4_536, 0 0 0 0 2 2 2 1 1 2 0 
4x4_910, 0 0 0 0 2 1 1 1 2 1 2 0 2 
4x4_948, 0 0 0 0 2 2 2 1 1 2 1 1 3 3 
4x4_853, 0 2 2 1 2 0 0 2 0 3 3 3 3 1 
4x4_353, 0 0 0 2 1 2 0 2 2 1 1 3 1 3 
4x4_622, 0 0 0 2 2 1 3 1 1 2 2 
3x3_73, 2 0 3 0 2 2 2 0 3 3 3 
125
4x4_15, 2 2 0 0 2 1 2 0 0 0 3 3 3 3 
4x4_338, 0 2 1 2 0 0 3 0 0 2 2 2 1 1 1 1 
4x4_635, 2 0 0 3 0 2 2 2 2 1 1 1 3 3 
3x3_478, 2 2 0 3 3 0 2 2 2 
4x4_109, 0 2 2 2 1 2 0 0 0 0 
4x4_526, 2 2 0 2 2 0 3 3 0 0 3 3 
3x3_148, 0 2 0 3 0 2 2 2 1 3 1 2 1 3 3 
4x4_855, 2 2 2 2 0 3 0 2 0 3 3 3 0 2 
3x3_724, 0 0 0 2 2 2 1 1 1 3 0 3 1 
4x4_215, 2 0 2 1 2 0 0 3 3 3 0 
4x4_904, 0 0 0 2 0 2 1 1 1 1 2 2 
4x4_960, 2 2 0 0 2 0 2 0 3 3 3 1 3 
4x4_88, 2 0 0 2 2 1 1 3 
3x3_418, 2 2 0 3 0 2 2 1 
4x4_644, 0 0 0 0 2 2 2 1 1 2 1 1 3 3 3 
4x4_537, 2 0 3 0 2 2 2 1 2 0 0 0 
4x4_857, 0 2 2 1 2 0 2 0 3 0 3 0 3 3 1 
4x4_115, 0 2 0 2 2 0 0 3 3 1 3 0 
3x3_701, 0 0 0 2 1 1 1 
4x4_487, 0 0 2 2 1 2 0 2 1 1 
126
4x4_641, 2 2 0 3 3 0 0 2 2 0 2 2 
4x4_94, 0 0 0 0 2 1 2 1 2 1 2 0 0 0 
4x4_692, 0 0 0 2 2 2 2 0 3 3 3 
4x4_585, 0 2 2 2 1 2 0 0 0 0 
4x4_654, 2 2 2 0 0 3 3 0 0 2 2 2 
3x3_672, 2 0 3 0 0 2 2 1 2 
3x3_468, 0 2 0 0 2 1 1 1 3 
4x4_820, 2 2 0 0 2 2 0 3 3 3 3 
4x4_34, 0 0 0 0 2 1 1 2 2 2 0 
4x4_199, 2 2 2 2 0 3 0 0 3 0 3 3 1 1 
3x3_36, 0 0 0 2 2 2 1 3 1 3 1 
4x4_337, 2 2 2 0 0 2 0 3 3 3 3 
4x4_715, 0 0 0 0 2 2 2 1 2 1 1 1 3 3 3 
4x4_262, 2 2 2 2 0 0 0 3 3 0 3 
3x3_805, 0 0 0 2 2 1 3 1 2 1 3 
3x3_552, 2 0 3 0 0 2 1 2 2 
4x4_299, 0 0 0 2 2 0 2 1 1 1 1 3 3 
127
4x4_906, 2 2 0 0 2 1 2 1 3 
4x4_229, 0 0 0 0 2 1 2 1 3 1 1 2 
4x4_90, 0 2 0 0 3 0 2 2 2 2 
4x4_206, 2 2 2 2 0 0 0 3 0 3 3 3 1 1 
4x4_49, 2 0 0 0 2 2 0 3 3 3 1 1 
4x4_152, 0 0 2 1 2 0 0 3 0 2 2 2 1 
4x4_572, 2 0 2 0 3 0 2 2 2 1 1 
4x4_787, 2 2 0 2 2 0 0 3 0 3 1 3 3 0 
4x4_830, 0 0 0 0 2 2 1 2 2 1 1 1 3 
4x4_191, 0 0 0 0 2 1 2 2 2 1 1 1 3 
4x4_575, 2 2 2 2 0 0 0 3 3 0 3 1 3 1 
4x4_300, 0 0 0 0 2 2 2 2 1 1 3 1 1 3 
4x4_869, 2 2 0 2 2 0 0 3 3 3 3 1 1 
3x3_423, 0 0 0 2 1 1 2 2 0 0 
4x4_345, 0 0 0 0 2 2 1 2 2 1 1 1 3 
4x4_792, 0 2 0 0 2 0 2 2 1 1 1 3 1 2 
4x4_561, 0 2 2 1 2 0 0 0 0 2 
128
3x3_293, 2 2 0 2 0 0 3 1 3 0 3 1 
4x4_648, 2 2 2 0 2 0 0 0 3 3 1 3 3 1 1 
4x4_84, 0 2 2 1 2 0 0 3 0 2 2 1 
4x4_194, 2 2 0 0 3 0 0 2 2 2 1 1 
4x4_903, 2 2 0 0 3 0 2 0 2 2 1 1 
4x4_630, 2 2 2 2 0 0 0 3 3 0 3 3 1 
4x4_636, 2 2 0 0 3 0 0 2 1 2 2 0 
4x4_741, 2 2 2 2 0 3 0 2 0 3 3 1 3 3 
3x3_766, 2 2 2 0 0 0 3 3 1 2 1 3 3 
4x4_176, 2 0 2 1 2 2 0 0 3 0 2 0 3 3 3 3 
4x4_361, 0 0 0 0 2 2 2 2 1 1 3 1 2 1 
4x4_667, 2 2 0 0 3 0 0 2 2 2 1 1 
3x3_667, 0 0 0 2 1 1 2 2 0 0 
4x4_131, 2 2 2 2 0 0 3 0 3 1 3 0 3 0 
4x4_498, 2 0 2 2 0 3 3 3 0 2 2 0 3 3 
4x4_409, 2 0 3 0 2 2 1 1 2 2 0 0 0 0 
4x4_227, 0 0 2 2 1 3 1 2 2 0 0 0 0 2 
4x4_126, 0 0 0 0 2 2 2 1 1 1 1 3 
4x4_280, 0 0 0 2 2 2 1 2 1 3 1 2 
4x4_759, 2 0 2 0 2 2 0 0 3 3 3 1 3 1 
4x4_623, 0 2 0 2 2 0 0 3 3 3 1 1 
4x4_541, 2 2 2 2 0 3 3 0 2 2 0 3 3 0 3 3 1 
3x3_916, 0 2 2 2 0 3 0 3 3 1 
129
4x4_995, 2 2 2 0 3 0 2 2 1 
4x4_764, 2 0 2 1 2 0 0 0 3 3 3 1 1 
3x3_568, 0 2 1 2 0 0 0 3 1 3 0 
4x4_344, 2 2 0 3 0 3 0 0 2 2 2 
4x4_355, 2 0 3 0 2 2 1 2 0 2 0 0 3 3 3 3 
4x4_938, 2 2 0 2 2 0 3 0 3 0 2 2 
4x4_317, 2 2 0 2 2 0 0 0 3 3 3 1 3 0 
4x4_565, 2 2 2 2 0 0 0 3 3 3 3 1 1 
4x4_64, 0 2 0 2 2 1 1 2 0 0 0 
4x4_154, 0 0 0 0 2 2 1 2 1 2 0 0 
4x4_547, 2 0 2 0 0 2 1 2 0 0 3 3 3 3 
4x4_701, 2 0 0 3 0 2 2 0 2 2 1 1 1 1 3 
4x4_671, 2 2 2 0 0 2 0 0 3 3 3 3 1 1 1 
4x4_369, 2 2 2 0 0 2 1 1 
4x4_868, 2 2 2 0 0 2 1 1 
3x3_231, 0 0 0 2 1 1 1 
4x4_996, 0 0 0 0 2 2 1 3 1 2 1 3 1 2 
4x4_844, 0 2 0 0 2 0 2 1 1 3 1 1 2 2 
3x3_210, 0 0 0 2 2 2 1 3 1 3 1 
4x4_720, 0 0 2 1 2 2 2 0 0 0 3 3 
4x4_155, 2 0 2 0 0 2 2 1 1 3 1 2 
4x4_359, 0 0 0 2 2 2 0 2 1 1 1 1 3 3 3 
4x4_466, 0 0 0 2 1 2 2 2 1 3 1 
130
1x3_30, 0 2 1 2 0 
4x4_38, 2 2 2 2 0 0 0 0 3 1 3 3 1 3 
4x4_77, 2 2 0 2 2 0 3 3 3 0 2 0 2 2 
4x4_588, 0 2 2 0 0 0 2 1 2 1 1 1 3 
4x4_676, 0 2 2 2 1 2 0 0 0 0 
4x4_27, 2 2 2 2 0 0 3 3 0 0 3 3 1 1 
4x4_681, 2 2 0 0 0 3 1 3 0 0 2 2 2 2 
4x4_563, 2 2 2 2 0 3 3 0 0 3 1 3 0 
4x4_395, 2 2 2 2 0 0 3 0 0 3 3 3 1 1 1 
4x4_200, 2 2 2 2 0 3 3 0 3 0 2 0 2 2 
4x4_888, 2 0 2 1 2 2 0 3 0 2 0 0 3 3 3 
4x4_553, 2 2 2 0 3 3 3 0 2 0 0 3 
4x4_248, 2 2 2 2 0 0 3 0 3 1 3 0 3 0 
3x3_475, 0 2 1 2 0 2 0 0 3 3 
4x4_445, 0 0 0 0 2 2 1 1 2 0 2 1 1 1 3 3 
4x4_979, 0 2 1 2 2 0 0 3 0 0 2 2 
4x4_831, 0 0 0 2 2 0 2 1 1 2 1 1 3 3 0 3 1 
4x4_643, 0 0 0 2 2 0 2 2 1 1 1 1 3 3 0 3 1 
4x4_913, 2 0 3 0 2 0 2 2 1 2 0 
4x4_226, 2 0 0 2 2 0 3 0 2 2 1 1 1 1 3 
4x4_520, 2 0 3 0 2 2 2 2 0 3 0 3 3 3 
4x4_279, 2 2 0 3 0 2 0 3 0 2 2 1 2 0 
4x4_679, 0 0 2 0 0 2 1 1 1 3 1 2 2 2 
4x4_589, 2 0 0 3 0 2 2 2 0 2 1 1 1 1 3 
4x4_356, 0 2 0 3 0 2 2 2 1 3 1 1 2 
4x4_394, 2 0 2 1 2 0 0 0 0 3 3 3 1 
131
3x3_872, 0 0 2 1 1 2 0 2 0 0 3 
4x4_807, 2 0 2 2 2 0 3 0 3 3 0 3 
4x4_829, 2 0 3 0 2 2 2 0 2 0 3 3 3 3 
4x4_625, 0 0 0 2 0 2 2 2 1 3 1 1 2 
3x3_105, 0 2 0 0 2 2 1 3 1 2 
4x4_386, 2 2 2 2 0 0 3 0 0 3 3 3 1 1 
4x4_218, 0 0 0 0 2 2 2 2 1 1 3 1 2 1 
4x4_863, 2 0 2 2 2 0 0 0 3 3 3 1 1 3 
4x4_550, 0 0 0 0 2 2 1 1 1 2 1 2 
4x4_683, 0 0 0 0 2 2 2 1 2 1 3 1 1 2 0 
4x4_240, 2 0 0 0 2 0 2 1 2 1 1 3 1 2 
4x4_774, 0 2 2 1 2 2 0 0 0 3 0 2 
4x4_594, 2 0 2 2 2 0 0 3 0 3 1 3 3 0 
4x4_736, 0 0 0 0 2 2 2 1 2 1 1 3 1 
4x4_841, 0 0 2 0 0 2 2 2 1 1 1 3 1 3 3 
4x4_678, 0 0 2 0 0 2 1 2 2 1 1 1 3 3 3 
4x4_45, 2 2 2 0 2 0 3 0 3 0 3 3 1 1 2 1 3 
4x4_278, 2 2 0 0 2 1 1 2 0 0 0 0 3 3 3 3 1 1 1 
4x4_763, 2 2 2 0 0 3 0 0 3 1 1 3 0 
4x4_438, 2 2 0 0 0 0 2 1 2 0 
4x4_725, 2 2 0 0 2 0 3 0 3 1 3 0 
4x4_434, 2 2 0 2 2 0 0 3 3 0 2 2 
3x3_607, 2 0 0 3 0 2 2 1 2 0 
132
4x4_718, 2 2 2 0 3 0 0 2 1 2 0 0 
4x4_417, 0 0 0 0 2 2 1 2 0 2 1 1 1 1 3 3 3 
4x4_447, 2 2 2 2 0 3 0 0 3 0 3 1 3 
4x4_11, 2 2 0 3 3 0 2 2 2 2 0 0 3 
4x4_323, 0 0 0 0 2 2 2 2 1 3 1 2 1 1 
3x3_100, 0 0 2 1 1 2 0 0 0 3 3 
3x3_113, 0 2 1 2 0 2 0 0 3 3 3 
3x3_248, 0 0 2 0 2 1 1 3 1 
4x4_699, 2 2 2 2 0 0 0 3 1 3 0 0 3 3 1 
4x4_185, 0 0 0 0 2 2 1 2 2 
4x4_493, 0 0 0 2 0 2 2 1 3 1 1 2 0 2 1 1 3 3 3 
3x3_199, 0 0 0 2 2 1 3 1 2 1 3 
4x4_502, 2 0 2 1 2 2 0 0 0 3 3 3 0 
4x4_533, 2 0 3 0 2 2 0 2 1 2 0 0 3 3 3 3 
4x4_173, 0 0 0 0 2 1 2 1 2 2 1 3 3 1 
4x4_783, 2 2 0 0 2 1 1 2 0 0 0 0 3 3 3 3 1 1 1 
4x4_399, 2 2 0 0 3 0 2 0 2 1 2 0 
4x4_269, 0 0 2 2 0 3 0 2 2 1 1 2 1 1 3 3 0 3 1 
3x3_703, 2 0 3 0 2 2 1 1 2 
4x4_611, 0 2 0 3 0 2 2 0 2 1 1 1 1 2 0 0 0 0 
4x4_105, 2 0 3 0 2 2 2 1 1 2 0 0 0 0 
4x4_430, 2 2 2 0 0 2 0 0 3 3 3 1 3 1 
133
4x4_558, 0 0 0 0 2 2 1 2 2 0 
3x3_177, 2 2 0 3 3 0 2 2 0 3 3 
4x4_907, 2 2 2 2 0 0 0 0 3 3 1 1 3 0 0 3 1 1 1 
4x4_789, 2 0 2 0 2 2 0 0 3 3 3 1 1 3 0 0 
4x4_826, 2 0 0 0 0 2 1 1 1 1 2 2 
4x4_494, 2 2 2 2 0 0 0 0 3 3 1 3 3 1 
4x4_470, 2 2 2 2 0 0 0 0 3 1 3 0 3 3 
4x4_267, 2 2 0 0 2 2 0 0 3 1 3 3 3 0 2 
4x4_925, 2 2 2 0 0 3 1 3 3 0 0 0 
4x4_81, 2 2 2 2 0 3 3 0 3 3 0 2 0 2 2 
4x4_549, 2 0 3 0 2 0 2 1 2 0 2 1 1 1 3 3 
3x3_64, 2 2 0 3 3 0 2 2 2 1 1 
4x4_368, 0 0 0 0 2 2 1 2 0 2 
4x4_601, 0 0 0 2 0 2 1 2 0 2 1 1 1 1 3 3 3 
4x4_732, 0 0 0 0 2 2 1 1 1 1 2 0 2 1 
3x3_495, 0 0 0 2 2 2 1 3 1 3 1 
4x4_714, 2 2 0 3 3 0 2 2 2 0 3 0 3 3 1 
4x4_697, 0 0 0 2 0 2 2 2 1 1 3 3 1 2 2 1 3 3 3 
4x4_239, 0 0 0 0 2 1 2 0 2 2 1 1 3 1 2 1 3 
4x4_779, 0 0 0 2 1 1 2 2 2 0 0 0 
4x4_225, 0 2 1 2 2 0 0 3 3 0 0 2 2 2 
4x4_24, 0 0 0 2 0 2 2 1 1 3 1 2 2 1 3 
4x4_473, 2 2 0 0 0 3 3 0 2 2 2 2 
4x4_228, 2 0 0 2 1 2 1 2 0 0 0 3 0 2 
134
3x3_387, 0 2 0 0 2 2 1 3 1 2 1 3 3 
3x3_24, 0 0 0 2 2 2 1 3 1 1 3 
4x4_773, 2 2 2 0 3 0 0 2 2 1 1 
4x4_515, 0 0 0 2 0 2 2 2 1 1 3 1 2 
4x4_420, 2 2 2 0 2 0 3 0 0 2 
4x4_168, 2 2 2 2 0 3 0 0 3 1 3 3 1 
4x4_56, 2 2 2 2 0 0 0 0 3 1 3 0 3 3 
4x4_621, 2 2 0 2 2 0 0 0 3 1 3 3 0 3 
4x4_120, 0 0 0 0 2 1 1 2 2 0 2 0 3 
4x4_464, 2 2 2 0 2 0 0 3 1 3 0 0 3 3 1 1 1 
4x4_175, 2 0 2 0 0 2 0 2 1 1 1 
4x4_516, 2 2 2 2 0 0 3 0 3 0 3 1 3 1 1 
4x4_805, 0 0 0 0 2 2 1 2 1 2 1 3 1 3 3 
3x3_386, 0 0 0 2 1 1 1 2 0 0 0 
4x4_308, 2 0 2 1 2 0 0 3 0 0 3 1 3 1 
4x4_652, 0 0 0 2 0 2 2 2 1 3 1 1 2 1 
4x4_96, 0 2 0 2 2 1 2 0 0 3 0 2 
4x4_616, 2 0 0 2 0 3 0 2 2 1 1 2 0 
135
4x4_134, 2 2 2 2 0 3 0 0 3 3 0 3 1 1 
4x4_986, 2 2 2 0 3 0 2 2 1 1 
4x4_377, 2 2 0 0 3 0 2 2 1 2 1 1 3 
4x4_182, 0 0 0 0 2 2 1 2 1 2 1 1 3 3 3 
4x4_517, 0 0 0 0 2 2 1 2 0 2 1 1 1 3 1 2 
3x3_687, 0 0 0 2 2 1 1 3 1 
4x4_560, 0 2 0 3 0 0 2 2 2 1 2 1 3 3 1 2 2 
4x4_717, 2 2 0 0 2 1 1 2 0 0 0 3 3 3 0 3 1 
4x4_810, 0 2 1 2 2 0 3 0 0 3 0 2 2 2 
4x4_193, 2 0 3 0 2 2 2 1 2 0 0 3 0 3 3 1 3 0 
4x4_983, 0 0 2 2 2 0 0 3 1 3 0 
4x4_128, 2 2 2 0 3 0 0 0 2 1 1 2 0 
4x4_998, 0 0 2 0 2 1 1 1 2 0 0 0 0 2 
4x4_265, 2 2 0 0 0 2 1 2 0 0 3 3 3 1 3 1 
4x4_700, 0 0 0 2 2 2 2 1 1 3 3 1 2 
4x4_118, 2 0 2 2 2 0 0 3 3 3 3 1 
4x4_47, 2 2 0 3 3 0 2 2 2 1 2 0 0 0 3 3 3 
4x4_329, 2 0 0 2 0 2 1 2 0 0 3 
4x4_777, 2 0 0 2 0 2 1 1 1 2 0 0 0 0 
4x4_419, 2 2 0 0 3 0 2 2 0 2 1 1 1 
136
4x4_234, 2 2 0 0 2 1 1 2 
3x3_900, 2 2 0 0 2 0 3 3 1 1 3 
4x4_934, 2 2 2 2 0 3 3 0 2 2 0 0 
4x4_95, 0 2 2 0 2 1 2 0 0 0 3 3 
3x3_484, 2 2 0 0 0 3 1 3 1 
4x4_780, 2 2 2 2 0 0 3 0 0 3 3 1 3 1 1 
3x3_1000, 2 2 2 0 0 0 3 1 1 3 0 3 1 
4x4_268, 2 2 2 2 0 0 3 0 3 0 3 3 1 1 1 
4x4_835, 0 2 2 0 2 2 0 3 3 3 3 0 2 
4x4_474, 2 2 0 2 2 0 0 0 3 3 1 3 0 3 1 1 
4x4_573, 0 0 0 0 2 1 2 0 2 2 1 3 1 2 1 3 3 1 
3x3_970, 0 0 0 2 2 2 1 1 3 3 1 
4x4_196, 0 0 0 0 2 2 1 2 1 2 1 3 3 1 2 2 
4x4_71, 0 0 2 1 1 2 2 0 2 0 0 0 
4x4_825, 0 2 1 2 0 0 0 0 2 2 1 3 1 2 
4x4_491, 0 0 2 1 1 2 2 0 3 0 2 2 1 
4x4_415, 2 0 2 2 0 3 0 3 0 2 2 1 2 0 
4x4_332, 0 0 2 1 2 1 2 0 0 3 0 2 2 1 1 1 
4x4_592, 0 2 0 3 0 0 2 1 2 1 2 2 1 3 1 2 
4x4_626, 0 0 2 0 3 0 2 2 1 1 2 1 3 1 
4x4_976, 0 2 2 2 0 0 0 3 3 1 3 
4x4_451, 0 0 0 2 2 1 2 0 2 0 3 3 
4x4_602, 0 0 0 2 2 2 1 3 1 2 2 1 3 
137
4x4_166, 0 2 1 2 0 2 0 0 0 2 1 1 1 1 3 
4x4_528, 2 0 3 0 2 2 1 1 2 2 
4x4_786, 0 0 0 0 2 1 2 0 2 2 1 1 3 1 3 1 3 
4x4_284, 2 2 2 2 0 3 3 0 2 0 0 3 3 3 1 1 
3x3_488, 0 0 0 2 2 2 1 3 3 1 2 1 3 
4x4_58, 2 0 3 0 2 2 2 2 0 3 3 0 3 3 
4x4_655, 2 0 0 2 1 2 0 0 3 3 0 2 2 2 
4x4_743, 2 2 0 2 1 2 0 0 3 3 0 2 0 3 3 3 1 
4x4_836, 0 0 0 2 2 0 2 2 1 3 1 2 1 3 1 
4x4_879, 0 0 2 2 1 1 2 0 2 0 0 0 3 3 
4x4_406, 0 2 2 2 1 2 0 0 0 3 3 0 2 
4x4_796, 2 2 2 0 3 0 3 3 0 2 2 0 2 2 
4x4_632, 0 0 0 2 1 2 2 0 0 2 1 1 1 3 1 3 
4x4_881, 0 0 2 1 2 1 2 0 0 0 0 3 3 3 
3x3_655, 2 0 2 1 2 0 0 3 3 0 2 
4x4_418, 0 0 0 0 2 2 1 2 2 1 1 3 0 3 1 1 3 
4x4_619, 0 2 2 0 3 0 2 0 2 2 1 1 3 1 1 
4x4_922, 2 2 0 2 2 0 3 0 3 3 3 0 2 2 2 
4x4_971, 2 2 2 2 0 0 0 0 3 3 1 1 3 0 0 3 1 
4x4_374, 2 0 2 1 2 0 2 0 0 3 0 2 
3x3_745, 0 2 2 2 0 3 0 3 1 3 
138
3x3_972, 2 0 3 0 0 2 1 2 2 0 
4x4_794, 0 2 2 2 0 2 0 0 3 3 3 3 1 2 1 3 
4x4_999, 0 2 2 2 0 0 2 1 1 1 3 
4x4_413, 2 2 2 2 0 0 3 1 3 0 0 0 2 
4x4_606, 2 2 2 0 3 3 0 2 0 0 2 
4x4_838, 2 0 0 0 3 0 2 2 1 2 2 1 1 1 3 
4x4_403, 0 0 2 1 1 2 0 0 0 3 0 2 
4x4_864, 0 2 0 0 3 0 2 2 2 1 1 1 2 0 0 
3x3_286, 2 2 0 3 3 0 2 2 0 2 1 1 
4x4_680, 2 0 2 2 2 0 0 0 3 3 1 3 3 0 
4x4_318, 2 2 2 2 0 0 3 3 0 0 3 1 1 3 0 
4x4_892, 2 0 0 0 2 0 2 2 1 3 1 2 1 1 
4x4_633, 2 2 0 2 1 2 0 0 0 3 0 3 3 3 1 1 1 
4x4_246, 2 2 0 3 0 3 0 2 0 2 1 2 1 2 
4x4_411, 2 2 0 2 1 2 0 0 3 0 3 1 3 0 0 3 
4x4_243, 0 2 2 2 2 0 3 3 0 3 0 2 2 1 2 0 
4x4_804, 0 0 2 1 1 2 0 0 0 0 2 2 1 3 1 2 1 3 1 2 
4x4_75, 2 0 0 2 1 1 2 2 0 0 0 3 3 3 0 
4x4_916, 0 0 2 1 2 1 2 0 2 0 3 0 2 0 3 
4x4_694, 0 2 0 2 1 1 2 2 0 0 3 0 3 3 0 2 
139
3x3_902, 2 2 0 3 0 3 0 2 2 1 2 
4x4_504, 2 2 0 0 3 1 3 0 0 2 2 0 2 2 1 
4x4_702, 2 2 2 0 2 0 0 0 3 1 1 3 0 0 3 1 1 1 3 
4x4_93, 0 0 0 2 0 2 2 1 1 1 2 1 3 3 0 3 1 
3x3_993, 0 2 1 2 2 0 3 0 0 3 3 
4x4_936, 0 0 2 0 3 0 2 2 2 2 1 1 3 3 1 1 
4x4_57, 2 0 2 0 2 1 2 0 0 0 3 3 3 1 3 1 1 
4x4_767, 0 0 0 0 2 2 2 1 2 1 3 1 3 1 3 
4x4_984, 2 0 3 0 2 2 1 2 2 0 0 0 3 3 1 3 3 
4x4_354, 0 0 0 2 2 2 2 1 3 3 1 1 3 
4x4_793, 2 2 0 2 1 2 0 0 0 3 3 3 3 0 
4x4_141, 2 2 2 0 2 0 0 3 1 3 0 3 0 
4x4_866, 0 0 0 0 2 1 1 1 2 1 2 0 2 0 0 0 
4x4_507, 0 0 2 1 1 2 0 2 1 2 0 0 3 0 0 2 
4x4_220, 2 2 2 0 3 3 0 2 2 2 0 3 0 3 3 3 1 1 
4x4_977, 2 2 0 0 0 2 1 1 2 0 0 0 3 3 3 3 1 1 
4x4_555, 2 2 0 2 2 0 3 0 3 3 3 0 2 2 2 2 
140
4x4_663, 2 2 2 2 0 0 0 0 3 1 1 3 0 0 3 3 1 
4x4_821, 0 0 2 2 1 1 2 2 0 0 0 
4x4_605, 0 0 2 2 0 0 2 2 1 1 1 3 1 2 
4x4_137, 0 2 1 2 0 2 0 2 0 0 3 1 3 3 0 2 
4x4_499, 2 2 2 2 0 3 0 2 0 0 3 3 1 1 1 3 0 3 1 
4x4_581, 2 2 2 2 0 0 0 3 3 3 0 3 
4x4_637, 0 2 0 2 0 0 2 1 1 1 1 2 
4x4_661, 0 2 2 2 2 0 3 3 0 0 
4x4_552, 2 0 2 0 3 3 0 2 0 2 2 2 1 3 1 1 2 0 
4x4_82, 0 2 0 3 0 2 0 2 1 2 1 3 1 2 2 1 3 3 
4x4_769, 2 0 0 3 0 0 2 2 2 1 2 0 
4x4_357, 2 0 2 2 2 0 0 0 3 3 1 1 3 3 1 
4x4_997, 0 0 2 0 2 1 1 1 2 0 0 0 2 
4x4_189, 2 2 0 2 2 0 3 3 3 0 0 2 2 2 
4x4_314, 0 2 0 0 0 2 2 2 1 1 1 3 0 3 1 1 2 
4x4_755, 2 2 2 2 0 0 0 0 3 1 3 0 3 3 1 1 
4x4_425, 2 0 3 0 0 0 2 2 2 1 2 0 
4x4_98, 0 2 2 2 1 2 0 0 0 3 0 3 3 
4x4_597, 0 2 1 2 0 2 0 0 3 3 3 0 2 2 2 2 
4x4_42, 0 2 2 1 2 0 2 0 3 3 0 3 3 0 2 2 2 2 1 
141
3x3_409, 0 2 2 2 0 3 3 3 
3x3_740, 2 2 2 0 0 3 1 3 0 0 3 1 1 
4x4_19, 2 2 2 2 0 3 0 0 2 0 3 3 1 1 3 0 3 
4x4_545, 2 2 0 0 2 1 1 2 0 0 0 0 3 
4x4_724, 2 2 0 3 0 2 0 0 2 2 1 1 3 1 2 
4x4_940, 0 0 2 1 2 1 2 2 0 0 3 0 0 2 
4x4_617, 0 0 2 1 1 2 0 0 0 3 0 2 2 
4x4_501, 0 2 2 0 3 3 0 0 2 2 2 1 2 1 3 1 2 1 3 
4x4_148, 0 0 0 2 2 1 1 2 0 0 0 3 
4x4_379, 2 0 2 1 2 2 0 0 0 0 3 3 1 3 1 3 0 
4x4_422, 2 2 0 0 3 0 3 0 2 2 1 2 1 1 2 0 0 0 
4x4_360, 0 0 0 2 0 2 2 2 1 1 1 3 0 3 1 1 3 
4x4_331, 2 0 3 0 2 2 0 2 2 0 3 3 3 3 1 
4x4_183, 0 0 2 2 2 0 3 3 0 2 2 2 1 1 1 1 3 3 3 
142
3x3_414, 0 0 0 2 1 1 1 2 0 0 2 0 3 
4x4_966, 2 2 0 0 3 1 3 0 0 2 0 2 2 1 1 2 
4x4_350, 0 0 2 0 0 2 1 1 2 1 3 1 2 
3x3_296, 2 2 2 0 3 0 0 3 1 1 3 
4x4_684, 0 2 2 2 1 2 0 0 3 3 0 0 2 2 
4x4_944, 2 0 3 0 2 2 1 2 0 2 0 3 3 3 3 0 
4x4_484, 2 2 2 0 3 3 0 2 2 2 0 0 3 3 1 3 3 0 
4x4_138, 2 0 2 2 2 0 3 3 3 0 0 2 1 2 0 2 1 
4x4_334, 2 0 0 2 1 2 1 2 0 0 0 3 3 3 3 
4x4_961, 2 0 2 2 1 2 0 0 3 0 0 3 1 3 3 1 
4x4_915, 2 0 2 0 2 2 0 3 3 0 3 3 1 
4x4_562, 2 0 0 2 1 1 2 0 0 0 0 3 3 3 
4x4_342, 0 0 2 0 0 2 2 2 1 1 3 3 1 1 2 2 
3x3_511, 2 0 0 3 0 2 2 1 1 2 1 3 
143
4x4_253, 2 2 0 3 3 0 0 0 2 2 1 2 0 
4x4_902, 2 0 3 0 0 0 2 1 2 1 2 0 0 3 
4x4_924, 0 0 2 1 1 2 0 0 2 2 0 0 3 3 3 3 1 
4x4_559, 0 0 0 0 2 2 2 1 3 3 1 2 1 2 1 
3x3_436, 0 2 1 2 2 0 3 0 0 3 
3x3_833, 2 2 2 0 3 3 0 0 2 1 2 
4x4_666, 2 2 0 0 3 3 0 0 2 2 1 2 0 
4x4_33, 2 2 2 2 0 0 3 0 2 0 3 3 3 1 1 3 1 
4x4_751, 2 2 2 0 3 3 0 3 0 2 0 2 2 1 2 
4x4_884, 0 2 0 3 0 2 2 1 1 1 2 2 0 0 0 
4x4_85, 2 0 0 3 0 0 2 2 2 1 2 0 
4x4_186, 0 2 0 3 0 2 2 2 1 1 1 2 
4x4_638, 0 2 1 2 2 0 0 0 2 0 3 3 3 3 
4x4_803, 2 2 2 0 2 0 3 3 0 0 2 
4x4_135, 2 0 0 3 0 2 0 2 1 2 0 2 1 1 1 1 3 3 
4x4_519, 2 0 3 0 2 0 0 2 2 2 1 3 3 1 1 2 2 0 
4x4_586, 2 0 3 0 2 0 0 3 1 
144
4x4_372, 2 0 2 2 2 0 3 3 3 3 0 0 
4x4_883, 2 2 2 2 0 3 3 0 2 2 0 0 3 3 3 3 1 
4x4_580, 2 2 0 3 0 0 0 2 1 1 2 0 2 1 1 1 
4x4_364, 0 0 0 2 2 0 2 2 1 1 3 3 1 1 
4x4_642, 0 2 0 0 2 1 1 2 2 0 0 0 
4x4_46, 0 0 0 2 2 1 1 1 2 0 0 2 0 0 
4x4_31, 0 0 0 2 0 2 2 2 1 3 1 3 1 1 2 2 
4x4_366, 2 2 0 2 2 0 0 3 1 3 0 0 3 
4x4_813, 0 2 1 2 2 2 0 0 3 3 3 0 0 2 
4x4_161, 2 2 2 0 2 0 3 3 0 0 2 1 2 
145
3x3_451, 2 2 0 3 3 0 0 2 1 2 2 1 
3x3_646, 2 0 3 0 0 2 1 2 2 1 1 3 
4x4_624, 2 0 3 0 0 2 0 2 2 2 1 1 1 1 3 
4x4_985, 0 0 2 0 0 2 1 1 2 2 1 1 3 
4x4_959, 2 2 2 0 3 0 2 2 0 3 3 0 2 2 
3x3_995, 0 0 0 2 1 1 2 0 0 2 
4x4_893, 0 0 2 1 1 2 0 0 2 1 2 0 0 0 3 3 
3x3_106, 0 0 2 1 1 2 2 0 0 3 0 
4x4_362, 0 2 0 0 0 2 2 2 1 3 1 3 1 1 2 0 2 0 
4x4_412, 0 0 2 1 1 2 0 0 0 2 2 0 3 3 
4x4_933, 0 0 2 1 2 0 0 3 3 0 2 2 2 1 2 1 1 1 3 3 3 
4x4_828, 2 2 2 2 0 0 0 3 1 3 0 0 3 3 1 
4x4_576, 0 2 0 3 0 2 2 2 2 1 3 1 2 1 3 3 3 
4x4_244, 0 0 0 2 1 1 2 2 0 2 0 0 3 1 3 0 
4x4_750, 2 0 3 0 0 0 2 2 1 2 2 0 
4x4_330, 0 2 1 2 0 0 2 1 1 2 0 0 0 0 3 3 3 
4x4_454, 0 0 2 0 3 0 2 2 1 1 1 3 1 2 2 2 
4x4_955, 2 2 2 0 0 3 3 3 0 2 0 2 
4x4_682, 0 0 2 0 2 1 1 1 2 0 0 0 2 0 3 
146
4x4_693, 0 0 2 1 1 2 0 0 0 2 2 1 3 1 2 1 
4x4_427, 0 2 2 1 2 2 0 3 0 0 2 1 
4x4_407, 0 2 0 2 1 1 2 2 0 3 0 2 0 
4x4_708, 0 0 0 2 1 1 1 2 0 0 0 0 2 2 1 
4x4_727, 0 0 2 0 3 0 2 2 2 1 2 1 1 1 3 3 0 3 1 
4x4_205, 0 2 0 3 0 0 2 2 1 1 2 1 2 0 0 3 0 2 
4x4_729, 2 0 0 2 2 1 1 2 0 0 0 3 0 3 3 1 3 1 1 
147
4x4_402, 2 2 0 3 0 3 0 2 2 0 2 2 1 1 1 1 3 
4x4_28, 0 2 0 0 2 1 1 1 2 0 0 0 0 
4x4_946, 0 0 0 2 0 2 1 2 1 1 3 1 2 2 0 
4x4_923, 0 0 2 0 0 2 1 2 0 2 1 1 1 1 3 
4x4_657, 2 2 2 2 0 3 0 0 0 3 3 1 1 3 0 
4x4_801, 0 2 2 0 3 3 0 0 2 1 2 2 2 0 3 
4x4_969, 0 2 1 2 2 0 0 2 0 0 3 3 3 3 1 1 
4x4_349, 0 0 0 2 0 2 2 2 1 3 3 1 2 2 1 1 
4x4_149, 0 2 1 2 2 2 0 3 3 0 3 0 2 0 2 2 1 
witness_7, 0 2 0 2 1 2 1 2 0 0 0 0 3 1 3 0 3 
4x4_781, 2 0 0 2 1 1 2 2 0 0 0 0 3 3 3 3 
4x4_645, 0 0 0 0 2 1 1 1 2 1 2 0 0 2 0 0 3 1 3 0 
148
4x4_659, 2 2 2 2 0 0 0 3 0 3 1 1 3 0 0 3 1 
4x4_818, 2 0 2 0 3 0 2 2 0 2 1 1 1 3 1 3 
4x4_288, 2 0 0 3 0 2 2 1 2 1 1 2 0 0 0 3 0 2 
4x4_733, 2 2 2 2 0 3 0 0 3 1 3 3 
4x4_754, 0 2 1 2 0 0 0 2 2 0 3 3 3 1 3 0 
4x4_162, 0 0 2 2 1 1 2 0 0 0 2 1 1 
4x4_347, 2 0 2 2 2 0 3 0 0 3 3 3 
4x4_146, 0 2 0 2 1 1 2 2 0 3 0 2 0 0 3 1 3 3 0 2 
4x4_456, 0 2 0 2 2 2 0 3 3 0 3 
149
4x4_216, 2 0 3 0 2 0 0 2 2 2 1 1 1 1 3 
4x4_439, 2 0 3 0 0 2 1 2 0 0 3 
4x4_460, 0 0 0 0 2 2 2 1 2 1 1 1 3 0 0 3 3 1 2 1 
4x4_911, 0 0 0 2 1 1 2 2 2 0 3 0 0 2 
4x4_548, 2 2 2 2 0 3 3 3 0 0 2 0 2 1 2 0 
4x4_408, 2 0 2 0 0 0 2 2 1 3 1 1 2 0 
4x4_157, 2 0 0 3 0 2 0 2 2 1 1 1 2 0 0 0 
4x4_41, 0 2 2 2 2 0 3 0 0 3 1 3 0 3 
4x4_710, 2 2 2 2 0 0 3 1 3 3 3 0 2 0 3 0 
4x4_198, 0 2 2 1 2 2 0 0 3 0 0 3 3 3 
150
4x4_987, 2 2 2 2 0 0 3 3 0 2 2 0 3 3 3 3 
4x4_608, 2 0 3 0 0 2 0 2 1 1 2 0 2 1 1 1 3 3 
4x4_982, 0 0 0 2 0 2 1 1 1 2 0 0 2 
4x4_784, 2 2 2 0 0 2 0 0 3 1 3 3 0 3 1 1 2 2 1 3 3 
4x4_370, 0 0 2 1 1 2 2 2 0 3 3 0 2 2 0 0 
4x4_954, 0 0 0 0 2 1 1 1 2 1 2 0 0 0 0 2 
4x4_250, 0 0 0 2 0 2 2 2 1 3 3 1 2 1 1 3 
4x4_752, 2 0 3 0 0 0 2 1 1 2 1 2 1 2 
4x4_144, 0 0 2 0 3 0 2 2 1 2 1 1 2 1 3 3 
4x4_219, 2 0 3 0 0 2 1 2 0 0 2 2 1 1 1 3 1 2 
3x3_791, 2 0 0 3 0 2 2 1 2 1 1 3 
151
4x4_587, 0 0 0 2 1 2 1 2 2 0 0 0 3 
4x4_540, 0 0 0 2 0 2 1 2 1 3 1 1 2 2 0 0 0 0 
4x4_156, 2 2 2 0 2 0 0 3 3 1 3 3 0 0 
4x4_158, 0 2 0 0 0 2 2 1 1 3 1 1 2 0 2 
4x4_397, 0 0 0 0 2 1 1 2 1 1 2 0 2 0 3 0 2 
3x3_525, 0 0 2 1 1 2 2 0 3 0 0 3 
4x4_18, 2 2 0 3 3 0 2 0 0 2 2 1 2 1 1 1 3 
4x4_538, 0 2 1 2 0 0 3 3 0 2 2 0 3 3 
4x4_132, 0 2 0 3 0 2 0 2 2 1 2 1 1 3 1 3 3 
4x4_16, 0 2 0 2 0 3 3 0 2 2 2 2 1 1 1 3 1 
4x4_111, 0 0 2 1 2 1 2 0 2 0 0 0 3 3 3 3 
4x4_941, 2 2 2 2 0 3 3 3 3 0 2 0 0 2 2 2 1 1 
152
4x4_32, 2 2 2 2 0 3 3 0 2 2 0 0 3 3 
4x4_400, 2 2 2 2 0 0 0 0 3 3 1 1 3 0 0 
4x4_620, 2 0 3 0 0 0 2 2 2 1 2 1 
4x4_599, 2 2 2 0 0 2 0 0 3 3 1 3 0 3 1 1 1 
4x4_136, 0 0 0 0 2 1 1 2 0 0 2 1 1 1 2 1 3 3 0 3 1 
4x4_40, 0 2 2 1 2 2 0 3 0 3 3 0 2 2 0 3 3 
4x4_343, 0 0 2 2 1 1 2 2 0 3 0 2 0 3 3 0 2 
4x4_180, 2 0 0 0 2 1 1 1 2 0 0 2 
4x4_363, 0 0 2 2 1 2 1 2 0 0 3 0 3 0 
4x4_845, 0 0 0 2 0 2 1 1 1 1 2 2 0 0 0 0 
4x4_320, 2 2 2 0 3 0 3 1 3 0 0 2 2 0 2 2 1 
3x3_429, 0 0 0 2 2 1 2 1 3 3 1 2 2 
4x4_17, 0 2 2 1 2 2 0 0 3 0 3 0 3 3 1 
4x4_686, 0 0 0 2 1 1 2 1 2 0 2 0 0 0 3 1 1 3 0 0 
153
4x4_816, 2 0 0 0 0 2 2 2 1 1 3 3 1 2 1 2 
3x3_813, 2 0 2 1 2 0 0 3 3 3 
4x4_249, 0 2 0 0 2 2 2 1 1 3 1 2 
4x4_52, 0 0 0 2 2 0 2 2 1 1 3 3 1 1 2 
4x4_312, 2 2 0 2 0 3 3 3 0 2 2 0 2 2 
4x4_705, 0 2 0 3 0 0 2 1 2 2 0 2 1 1 1 1 3 3 
4x4_261, 0 2 1 2 0 2 0 3 3 3 0 2 0 2 2 2 1 1 1 1 3 
154
3x3_816, 2 0 0 0 2 1 1 1 2 0 0 0 
4x4_462, 0 0 0 2 2 0 2 1 1 1 3 1 2 
4x4_443, 0 2 2 2 2 0 3 3 0 2 0 3 3 3 1 2 1 3 
4x4_275, 2 2 2 0 2 0 3 0 3 1 1 3 3 0 2 0 0 
4x4_453, 0 2 1 2 2 2 0 3 3 0 0 0 3 3 1 1 
4x4_480, 2 2 0 2 2 0 3 3 0 2 0 3 3 1 1 3 
4x4_384, 2 2 0 2 1 2 0 0 3 0 3 0 3 1 1 3 
4x4_461, 2 2 0 2 1 2 0 0 0 3 3 0 3 3 1 1 1 
4x4_871, 2 2 2 0 3 3 3 0 2 0 2 0 2 1 1 2 
4x4_114, 2 0 0 3 0 0 2 2 2 1 2 1 1 1 3 3 
4x4_91, 0 2 2 1 2 0 0 3 0 0 3 3 1 2 1 3 
155
4x4_612, 2 2 0 0 0 3 3 0 2 2 2 1 2 0 
4x4_221, 2 2 2 2 0 0 3 3 0 0 3 3 1 1 1 
4x4_901, 2 2 0 0 3 3 0 0 2 1 2 0 2 1 2 
4x4_856, 0 2 1 2 0 0 0 2 2 0 3 3 3 3 1 2 1 3 
4x4_534, 0 2 1 2 2 0 3 0 3 3 0 2 2 2 0 2 
4x4_887, 2 0 0 2 1 2 2 0 3 0 2 0 3 3 3 3 1 1 1 
4x4_22, 0 0 2 1 1 2 0 0 2 2 0 0 3 3 3 3 
4x4_957, 0 2 2 1 2 2 0 3 0 0 2 0 3 3 1 3 0 3 1 
3x3_432, 0 0 2 0 2 1 1 3 1 2 2 0 0 
156
3x3_383, 2 2 2 0 0 3 1 3 3 0 2 0 
4x4_428, 0 0 0 0 2 2 2 2 1 3 3 1 2 2 1 1 3 0 3 1 3 
4x4_802, 0 2 0 0 0 2 2 2 1 1 3 1 1 2 
4x4_390, 0 0 2 0 3 0 2 2 1 2 2 1 3 1 3 3 1 2 2 2 
4x4_122, 2 2 0 2 2 0 3 0 0 3 3 1 2 1 3 3 1 
4x4_967, 2 2 0 0 0 3 3 0 2 2 2 1 2 0 
4x4_60, 0 2 1 2 0 2 1 2 0 0 3 0 2 0 3 3 1 3 0 3 
4x4_569, 0 0 0 2 2 1 1 2 2 0 0 3 0 3 3 
4x4_232, 2 0 0 3 0 0 2 2 1 2 0 2 1 1 1 
4x4_121, 2 0 3 0 0 2 2 0 2 2 1 1 3 3 1 2 1 2 0 
4x4_800, 0 0 0 0 2 2 1 1 1 2 2 0 3 0 2 
4x4_566, 2 2 2 0 0 0 2 0 3 3 3 1 3 1 2 1 3 
3x3_596, 2 2 0 3 0 0 2 1 2 1 1 
157
4x4_139, 2 2 2 0 0 2 0 0 3 1 3 0 3 1 1 1 3 
4x4_704, 0 2 0 0 3 0 2 2 2 2 1 3 1 2 1 3 3 1 3 
4x4_107, 2 0 2 2 2 0 0 0 3 3 1 3 3 0 2 
4x4_738, 2 2 0 3 0 2 2 1 1 2 0 0 0 0 3 3 3 1 3 1 
4x4_595, 0 0 0 2 0 2 1 1 3 1 2 2 2 0 0 0 
3x3_727, 0 0 2 1 1 2 2 0 3 0 0 3 
4x4_665, 2 0 0 0 0 2 2 2 1 3 3 1 2 2 1 1 3 3 
4x4_203, 0 2 1 2 0 2 2 0 3 3 3 0 2 2 0 3 3 3 
4x4_554, 0 2 2 1 2 2 0 0 3 3 3 0 0 2 
158
4x4_424, 0 0 0 0 2 2 1 2 2 1 3 1 1 2 0 
4x4_908, 2 0 2 0 2 2 0 3 3 3 0 2 
4x4_472, 0 2 2 1 2 0 0 0 3 3 3 0 2 2 
4x4_707, 2 2 0 2 2 0 0 0 3 3 1 3 3 
4x4_875, 0 2 2 0 3 0 2 0 2 2 1 3 1 2 1 1 3 3 
4x4_116, 0 2 2 1 2 2 0 0 3 0 0 3 3 3 1 
4x4_927, 0 0 2 0 0 2 1 1 1 1 2 2 0 0 
4x4_974, 2 2 0 3 3 0 0 0 2 2 1 3 1 2 2 2 0 
4x4_233, 2 2 0 3 0 3 0 0 2 1 2 0 2 2 1 3 1 2 1 
4x4_174, 0 2 2 2 2 0 0 3 0 3 3 1 3 0 
3x3_826, 0 2 2 1 2 0 0 0 3 1 3 0 
3x3_996, 0 2 1 2 2 0 3 0 3 0 3 
4x4_656, 0 0 2 2 1 1 2 0 0 0 0 3 3 1 3 0 
4x4_306, 2 2 0 0 3 1 3 0 0 2 0 2 2 2 1 1 1 1 
4x4_746, 0 0 0 2 2 1 1 1 2 0 2 0 0 0 3 3 3 
4x4_698, 0 0 0 2 0 2 1 1 3 1 2 1 2 0 0 2 0 0 3 
4x4_790, 2 0 0 0 2 2 1 1 3 1 
159
4x4_551, 0 0 0 0 2 2 1 2 2 1 1 1 3 3 0 3 1 
4x4_257, 0 0 0 2 1 1 1 2 0 0 2 1 1 2 0 0 0 3 0 2 
4x4_39, 0 0 2 1 2 1 2 0 0 3 0 3 0 2 2 1 2 1 
4x4_719, 2 0 2 2 2 0 3 3 3 0 0 2 2 1 2 0 
4x4_291, 2 2 0 0 0 2 1 2 0 0 3 3 3 3 1 
4x4_973, 0 2 0 0 3 0 2 2 1 1 1 1 2 
4x4_935, 0 2 1 2 2 2 0 0 0 3 0 3 3 
4x4_373, 0 2 0 3 0 2 2 2 0 2 1 1 1 1 
4x4_917, 2 0 3 0 2 2 0 3 0 2 2 1 1 1 1 2 
4x4_488, 2 0 2 0 3 3 0 0 2 2 2 1 2 1 1 1 
4x4_706, 0 0 0 2 1 2 1 2 1 2 0 0 0 3 0 3 3 
4x4_51, 0 2 2 0 3 3 0 2 2 2 1 1 1 2 0 
4x4_305, 2 2 2 2 0 3 3 3 0 3 0 0 2 2 1 2 1 2 
4x4_897, 0 0 2 1 1 2 2 2 0 3 0 2 0 3 3 3 0 2 
4x4_951, 0 0 0 2 0 2 1 1 1 2 0 0 0 2 1 1 1 1 3 
160
4x4_169, 0 0 0 0 2 2 1 2 2 1 3 3 1 2 2 1 
4x4_631, 0 2 1 2 0 2 2 0 0 0 3 3 3 1 3 
3x3_443, 2 0 2 1 2 0 0 3 3 3 0 2 2 
4x4_709, 0 2 0 3 0 2 2 2 1 1 1 3 
4x4_325, 2 0 2 1 2 0 0 3 3 0 0 2 2 1 2 1 1 1 
4x4_410, 0 2 2 0 3 3 0 2 0 2 2 2 1 3 1 2 1 1 3 3 3 
4x4_489, 2 0 0 3 0 2 0 2 2 2 1 3 1 1 1 2 
4x4_444, 0 0 2 1 1 2 2 0 2 0 0 0 3 3 3 3 
4x4_476, 2 2 0 3 3 0 0 0 2 2 2 2 1 3 1 2 
161
4x4_653, 0 2 2 2 2 0 0 0 3 3 3 1 3 
4x4_775, 2 0 2 0 2 1 1 2 0 0 0 0 3 3 1 3 1 3 0 
4x4_65, 2 2 0 2 1 2 0 0 3 3 3 0 2 0 2 1 2 0 
4x4_270, 2 2 2 0 0 3 3 1 3 0 0 2 0 3 
4x4_646, 2 0 0 2 0 3 3 0 2 2 2 1 2 1 3 1 1 2 
4x4_486, 0 2 1 2 2 2 0 0 0 3 0 3 3 3 
4x4_963, 2 2 2 2 0 3 3 0 2 2 0 0 3 3 3 3 1 1 2 1 3 
4x4_211, 0 0 0 2 0 2 1 1 2 0 2 1 1 1 3 3 0 3 1 
4x4_89, 2 2 2 2 0 3 3 3 0 3 0 2 0 2 2 2 1 1 
4x4_207, 2 2 2 0 3 3 3 0 2 0 2 1 2 2 0 
4x4_160, 2 2 2 2 0 0 3 1 3 0 3 3 0 2 0 2 2 2 
4x4_878, 0 2 0 3 0 2 2 1 1 2 2 0 3 0 2 
162
4x4_852, 0 2 1 2 2 2 0 0 0 3 1 1 3 0 0 0 2 
4x4_277, 2 2 2 0 2 0 3 3 3 1 3 0 0 2 0 2 2 
4x4_426, 0 2 2 0 3 3 0 0 2 2 2 1 2 1 3 1 2 1 3 3 3 
4x4_210, 2 2 0 3 0 0 2 0 2 1 1 2 0 
4x4_952, 2 0 2 1 2 0 2 0 3 3 3 3 0 0 2 2 2 2 
4x4_921, 0 2 0 3 0 0 2 2 1 1 1 1 2 2 0 0 0 0 
4x4_543, 2 2 0 2 1 2 0 0 0 3 3 1 3 3 0 2 0 2 2 2 
4x4_224, 0 0 0 2 0 2 1 1 1 2 2 0 3 0 0 
4x4_886, 0 2 1 2 2 0 2 0 0 0 3 1 1 3 3 3 0 2 0 
4x4_603, 0 0 2 1 2 2 2 0 3 3 0 0 3 3 
4x4_662, 0 0 0 0 2 1 2 1 3 1 2 2 2 0 0 3 0 3 
4x4_129, 0 2 0 3 0 2 0 2 2 2 1 3 1 2 1 1 3 3 
4x4_336, 0 0 2 0 3 0 2 2 2 2 1 1 1 1 3 0 3 3 1 2 
163
4x4_302, 0 0 2 0 3 0 2 2 2 2 1 1 3 3 1 2 2 1 
4x4_772, 2 2 2 0 2 0 0 0 3 3 1 1 3 0 0 3 1 1 1 
4x4_531, 0 0 0 0 2 1 2 1 1 1 2 2 0 3 0 2 0 0 3 3 
4x4_687, 2 2 0 3 3 0 0 0 2 2 2 1 2 1 1 
4x4_731, 2 2 2 2 0 3 3 0 3 3 0 2 2 0 2 2 1 
4x4_309, 2 0 0 0 3 0 2 2 2 1 3 1 1 2 2 0 0 
4x4_518, 0 2 0 2 1 1 2 2 0 0 3 0 0 3 1 3 0 
164
4x4_62, 0 0 0 0 2 2 1 2 1 3 1 1 2 0 2 0 
4x4_475, 2 0 3 0 0 2 1 2 2 0 3 0 2 2 1 1 1 3 1 2 
4x4_529, 0 0 0 2 1 1 1 2 0 0 0 0 2 2 1 
165
3x3_328, 0 0 2 0 2 2 1 3 1 2 1 3 
4x4_867, 0 2 2 0 3 3 0 0 2 2 2 1 2 1 3 1 1 
4x4_396, 2 2 2 2 0 3 3 3 3 0 0 0 2 1 2 2 0 2 
4x4_324, 0 2 2 1 2 2 0 0 0 0 3 3 1 3 0 3 
4x4_695, 0 2 2 1 2 2 0 0 0 0 3 1 3 1 3 0 0 3 
4x4_348, 2 2 0 3 3 0 0 2 2 2 0 2 1 1 3 1 1 2 
4x4_416, 2 0 0 2 0 0 2 1 2 1 3 1 3 1 2 2 
166
4x4_235, 2 0 0 2 1 1 2 2 0 0 0 0 3 1 3 0 3 
4x4_72, 2 2 0 3 0 0 2 0 2 2 1 3 1 2 1 3 1 
4x4_463, 2 0 0 2 1 1 2 2 0 0 0 0 3 1 3 3 3 0 2 2 
4x4_860, 2 0 3 0 2 2 1 1 2 2 0 0 0 3 3 0 3 3 1 
4x4_843, 2 0 0 3 0 2 2 1 2 2 0 3 0 2 
4x4_513, 0 0 2 1 1 2 0 0 2 2 0 3 3 3 0 2 2 2 
4x4_36, 0 0 0 0 2 2 2 1 1 2 1 3 3 3 1 2 2 
4x4_716, 2 0 2 1 2 2 0 3 0 3 3 3 0 2 0 2 1 2 0 2 
4x4_673, 0 2 2 2 2 0 3 0 3 1 3 3 0 2 0 2 2 
4x4_398, 0 0 0 2 0 2 1 2 1 3 1 3 1 2 2 0 2 0 0 0 3 
4x4_25, 2 0 0 3 0 2 0 2 2 1 3 1 2 2 0 0 
4x4_522, 2 2 2 2 0 3 3 0 3 1 3 0 0 2 0 2 2 1 2 
4x4_8, 2 2 0 3 3 0 2 0 3 0 2 2 2 2 1 1 3 1 1 2 0 
4x4_481, 2 2 0 3 0 3 0 2 2 2 2 1 3 1 1 
4x4_557, 0 0 2 1 1 2 2 0 0 0 3 3 0 
4x4_181, 0 2 2 1 2 0 2 0 0 0 3 1 3 3 0 2 
167
4x4_76, 2 2 0 3 3 0 0 2 0 2 2 2 1 1 1 1 3 
4x4_469, 0 0 0 2 0 2 1 1 1 2 1 2 0 0 3 0 2 
4x4_482, 0 0 2 2 1 2 2 0 0 3 3 0 3 3 
3x3_741, 0 2 1 2 0 2 0 0 3 1 3 3 0 
4x4_914, 2 0 0 3 0 0 2 2 2 1 2 1 1 3 3 1 2 2 
4x4_251, 2 2 0 0 3 3 0 0 2 2 1 2 0 2 1 1 1 1 
witness_8, 2 2 2 0 3 0 3 1 3 0 0 0 2 2 1 2 0 2 1 1 
168
4x4_272, 0 2 2 0 0 3 0 2 2 1 1 1 1 3 
4x4_256, 2 0 3 0 2 0 0 2 2 2 1 1 1 3 1 3 
4x4_762, 2 0 3 0 2 2 0 3 0 2 2 1 1 1 2 0 0 
4x4_782, 2 0 0 0 2 1 1 2 2 0 0 3 0 3 3 3 
4x4_441, 0 0 2 0 0 2 1 1 1 2 1 2 0 0 0 0 
4x4_627, 0 2 1 2 2 0 0 0 2 0 3 3 1 1 3 0 3 0 
4x4_87, 2 2 0 0 0 3 1 1 3 0 0 0 2 2 2 1 2 1 1 
4x4_163, 0 2 1 2 2 2 0 0 0 3 3 0 3 3 
4x4_260, 0 0 0 2 2 1 1 1 2 0 0 0 2 0 
169
4x4_849, 2 2 2 0 3 3 3 0 0 2 2 0 2 1 2 0 
4x4_512, 0 2 2 1 2 0 0 0 0 3 1 3 0 
4x4_876, 0 2 2 2 2 0 3 3 3 3 0 0 
4x4_405, 2 2 2 0 0 2 0 3 3 1 1 3 3 0 0 0 2 2 2 
4x4_117, 0 0 0 2 2 2 2 1 3 3 1 1 2 
4x4_283, 0 0 0 0 2 1 1 1 1 2 0 2 2 0 0 0 
4x4_798, 0 2 1 2 0 2 1 2 0 0 3 3 3 3 0 2 2 0 3 
4x4_86, 2 0 3 0 0 0 2 2 2 2 1 3 1 1 2 1 
3x3_524, 0 2 2 1 2 0 0 3 3 3 
4x4_511, 0 0 2 2 1 2 2 0 0 3 3 3 0 3 
4x4_658, 2 2 2 2 0 3 3 0 2 2 0 0 3 3 
170
4x4_564, 2 2 2 0 2 0 0 3 3 1 3 3 0 2 0 2 2 
4x4_190, 0 2 2 1 2 2 0 0 3 3 3 3 0 2 2 2 0 3 3 
4x4_688, 0 2 2 0 0 0 2 1 1 1 1 2 0 0 0 0 
4x4_358, 0 2 1 2 0 0 2 0 3 0 3 1 1 3 
4x4_497, 0 2 1 2 2 2 0 3 3 0 2 0 0 3 1 3 1 3 0 
4x4_571, 0 0 2 1 1 2 2 2 0 0 3 0 0 3 3 3 
4x4_401, 0 0 0 2 2 1 1 3 1 2 2 2 0 0 3 0 0 3 
4x4_423, 2 2 2 0 3 3 0 2 2 0 0 3 3 
4x4_455, 0 0 0 0 2 2 1 1 1 2 2 0 3 0 0 2 
4x4_59, 0 0 0 0 2 2 2 1 1 2 1 1 3 3 0 3 1 
4x4_509, 2 2 2 2 0 3 0 2 0 3 3 1 1 3 3 0 0 0 
171
4x4_477, 2 0 3 0 0 0 2 1 1 2 0 2 2 1 3 1 1 
4x4_294, 0 0 0 0 2 2 1 2 2 1 3 3 3 1 2 2 1 3 3 
4x4_311, 0 2 2 1 2 2 0 0 3 3 3 0 2 2 2 
4x4_574, 2 0 3 0 2 0 3 0 2 2 2 1 3 1 1 2 2 0 0 0 
4x4_832, 0 2 2 0 3 3 0 0 2 1 2 2 2 1 1 1 3 3 3 
4x4_744, 0 2 2 2 1 2 0 0 3 0 0 3 1 1 3 0 0 
4x4_74, 0 0 2 1 1 2 0 2 0 3 0 2 0 3 3 1 3 
4x4_1, 0 0 2 1 1 2 2 0 2 0 3 0 2 0 3 3 3 3 
4x4_304, 0 0 0 2 1 1 2 1 2 0 2 0 0 3 0 
4x4_142, 0 0 0 0 2 1 2 0 2 2 1 1 1 1 3 3 0 0 3 1 1 
4x4_53, 0 2 1 2 0 2 1 2 0 0 3 3 3 3 0 2 2 0 2 2 
4x4_282, 0 2 1 2 0 2 0 3 0 0 2 1 2 0 
172
4x4_590, 0 0 2 2 2 2 0 0 3 3 3 1 3 
4x4_223, 0 0 0 2 1 1 2 0 0 2 2 1 3 1 1 2 
4x4_247, 0 2 2 1 2 2 0 0 0 3 0 3 3 3 1 1 
4x4_950, 0 2 0 2 2 1 3 1 2 2 0 0 0 3 0 3 3 3 1 
4x4_947, 2 2 0 3 3 0 0 2 0 2 2 1 2 1 1 1 
4x4_981, 2 0 0 3 0 2 2 2 2 1 3 3 1 2 1 3 
173
4x4_991, 0 2 2 0 0 3 3 0 2 2 2 2 1 3 1 2 1 1 3 3 
4x4_449, 2 2 0 3 0 3 0 0 2 2 2 1 2 1 1 1 3 
4x4_721, 2 2 2 2 0 3 0 3 3 3 0 0 2 2 2 1 2 
4x4_393, 2 2 0 0 3 3 0 0 2 2 2 2 1 1 3 1 2 
4x4_264, 0 0 2 2 1 1 2 2 0 0 3 0 2 0 3 3 3 3 1 
4x4_953, 2 2 0 0 3 3 0 2 2 0 2 1 1 1 2 
4x4_195, 2 2 0 2 2 0 3 3 0 2 0 3 3 3 1 2 1 3 
174
4x4_479, 2 2 0 2 1 2 0 0 3 3 0 0 2 2 
3x3_662, 0 0 0 2 1 1 1 2 2 0 3 0 2 0 3 
4x4_760, 2 2 2 0 2 0 3 3 3 1 3 0 0 0 2 2 2 
3x3_467, 2 2 0 2 0 3 3 1 3 0 0 2 2 2 
4x4_99, 0 2 0 2 1 1 2 2 0 0 3 0 0 3 3 3 1 
4x4_839, 0 2 1 2 2 2 0 0 0 0 3 3 1 3 0 
4x4_307, 2 2 0 3 3 0 0 0 2 2 2 1 2 1 3 1 2 1 
4x4_874, 2 0 2 1 2 2 0 0 3 0 3 3 3 
4x4_930, 0 2 1 2 2 2 0 0 3 3 0 2 2 0 3 3 3 3 1 1 
4x4_521, 2 2 0 3 3 0 2 0 3 0 2 2 2 1 1 1 1 2 0 
175
4x4_452, 2 2 2 0 0 2 0 0 3 1 3 0 3 1 1 3 0 0 
4x4_179, 2 2 2 2 0 0 0 3 0 3 3 1 1 2 1 3 3 
4x4_388, 0 2 1 2 2 2 0 3 3 0 2 2 0 0 3 3 3 
4x4_747, 0 2 1 2 2 2 0 0 3 0 3 0 3 3 1 1 
4x4_245, 0 0 2 1 1 2 2 2 0 0 3 0 0 3 3 3 
3x3_487, 2 0 3 0 0 2 1 2 1 1 
4x4_613, 0 2 1 2 2 0 2 0 3 3 3 3 0 0 2 2 
3x3_223, 2 0 3 0 0 2 2 1 1 2 1 
4x4_508, 0 0 0 0 2 1 2 1 1 3 1 2 2 0 2 0 0 0 
3x3_389, 0 0 0 2 2 2 1 3 1 2 
4x4_958, 2 0 2 0 0 0 2 1 1 1 1 2 0 0 0 0 
176
4x4_837, 2 0 0 3 0 0 2 2 1 2 0 2 1 1 3 3 1 2 2 1 3 
4x4_847, 0 0 0 2 0 2 1 1 1 1 2 2 0 0 0 0 3 
4x4_556, 0 0 0 0 2 1 2 2 2 1 3 3 1 1 2 0 2 
177
4x4_734, 0 2 1 2 0 0 3 3 0 2 2 0 2 2 1 1 1 3 1 
4x4_296, 2 0 2 2 2 0 3 3 0 2 2 0 3 3 3 1 1 3 0 0 
3x3_245, 2 0 3 0 0 2 1 2 1 2 1 
3x3_734, 0 2 1 2 0 2 0 3 0 3 3 1 
178
4x4_375, 2 2 0 0 3 1 3 0 0 2 0 2 2 2 1 1 1 1 3 
4x4_567, 0 0 2 2 1 1 2 2 0 0 0 0 3 3 1 3 0 3 
3x3_101, 2 0 3 0 0 2 2 1 2 1 1 3 
4x4_696, 2 2 2 0 0 3 3 3 0 0 2 1 2 0 2 2 
4x4_404, 0 2 0 3 0 2 0 2 1 2 1 3 1 1 2 2 0 0 0 
179
4x4_664, 0 0 0 0 2 1 2 0 2 1 2 1 3 3 3 1 2 1 2 2 0 
4x4_578, 0 0 0 2 0 2 1 1 1 1 2 2 0 0 
3x3_619, 2 0 3 0 0 2 2 1 2 1 1 
4x4_310, 2 2 0 0 3 1 3 0 0 0 2 2 1 2 2 1 3 1 1 2 
4x4_788, 0 0 0 0 2 1 1 1 2 2 2 0 0 3 3 0 
4x4_2, 0 0 2 0 2 1 1 3 1 2 2 0 2 0 0 3 0 2 
3x3_507, 0 2 2 1 2 0 0 0 3 1 3 0 3 1 
4x4_523, 2 0 0 2 1 2 2 0 0 3 0 3 1 3 0 3 1 1 
4x4_939, 0 2 2 1 2 2 0 0 3 0 0 3 3 3 1 1 
4x4_500, 2 0 0 0 3 0 2 2 1 1 1 1 2 2 0 0 3 0 2 
4x4_204, 0 0 0 2 2 1 1 1 2 2 0 0 0 3 0 3 
180
4x4_674, 2 0 3 0 0 2 0 2 2 1 1 1 2 1 3 
3x3_924, 2 0 3 0 2 0 2 1 2 1 1 3 
4x4_591, 0 0 2 0 3 0 2 2 1 1 1 1 2 2 0 0 0 0 
4x4_3, 0 0 2 1 1 2 2 2 0 0 0 0 3 3 1 3 0 3 
181
4x4_208, 0 0 2 1 1 2 2 0 2 0 3 3 0 0 3 3 1 
4x4_896, 0 2 1 2 2 2 0 0 0 0 3 1 3 0 3 3 1 1 
4x4_258, 2 2 0 0 3 3 0 0 2 2 1 2 1 2 1 3 1 2 
4x4_214, 0 0 0 2 1 1 2 1 2 2 0 0 3 3 0 2 2 0 3 3 3 3 
182
4x4_30, 2 0 3 0 2 0 0 2 2 2 1 3 1 3 1 2 1 2 0 
4x4_293, 0 2 2 2 0 2 0 0 3 3 1 1 3 0 0 
183
4x4_768, 0 0 2 2 2 1 2 0 0 3 3 3 3 
4x4_164, 2 0 3 0 0 0 2 1 1 2 2 0 0 2 1 1 1 1 3 3 
4x4_812, 2 0 0 0 3 0 2 2 1 1 1 1 2 0 2 0 0 
184
4x4_978, 2 2 2 2 0 0 0 3 0 3 1 1 2 1 3 3 3 0 0 0 
4x4_303, 2 2 2 0 2 0 0 0 3 1 1 3 1 3 3 0 2 0 2 0 3 
3x3_70, 2 0 3 0 2 0 2 1 1 1 
4x4_285, 0 0 0 0 2 2 1 1 2 1 1 2 0 0 0 3 0 
4x4_817, 0 2 0 0 3 0 2 2 1 1 1 2 0 0 2 
4x4_496, 0 0 0 0 2 2 2 2 1 1 1 3 0 3 1 1 
4x4_274, 0 2 0 0 3 0 2 2 1 2 0 2 1 1 3 1 1 
4x4_737, 2 2 0 2 1 2 0 0 0 0 3 3 3 1 1 1 3 
185
4x4_112, 2 2 2 0 0 0 0 3 1 3 3 0 2 
4x4_125, 0 0 2 2 1 1 2 2 0 0 3 0 0 3 3 1 3 0 
4x4_431, 2 0 3 0 2 0 2 2 2 1 3 1 3 1 2 2 0 
4x4_490, 0 0 0 0 2 2 2 2 1 1 3 3 3 1 1 
186
4x4_583, 2 0 3 0 0 2 1 2 2 0 2 1 1 3 1 3 
4x4_212, 2 2 0 0 3 1 3 0 0 0 2 2 2 2 1 1 1 3 1 
4x4_130, 2 2 0 3 0 3 0 0 2 2 2 2 1 1 1 3 1 
4x4_942, 2 2 2 2 0 3 0 3 1 3 3 0 0 2 0 2 2 2 1 
4x4_315, 2 2 0 0 3 1 3 0 0 0 2 2 2 2 1 1 1 3 1 
4x4_525, 2 0 3 0 2 0 0 2 2 1 1 1 2 1 3 3 
4x4_316, 0 2 0 2 2 1 2 0 0 3 0 3 1 3 3 1 
4x4_932, 0 0 2 2 2 1 2 0 0 3 0 3 3 1 3 0 
4x4_614, 2 0 3 0 0 2 0 2 1 2 1 3 1 2 1 2 0 0 
187
4x4_542, 2 2 0 0 0 3 3 0 2 2 2 2 1 1 3 1 1 
4x4_889, 2 0 2 0 3 3 0 0 2 2 1 2 1 1 2 1 3 
3x3_683, 0 2 1 2 2 0 0 0 3 1 3 0 3 1 
4x4_429, 2 0 2 0 3 3 0 0 2 2 1 2 2 1 3 1 1 2 
188
3x3_520, 2 0 3 0 0 2 1 2 2 1 1 3 
4x4_79, 0 2 1 2 0 0 2 2 1 3 1 
4x4_10, 2 0 3 0 0 0 2 2 2 2 1 3 1 1 1 
4x4_103, 0 0 0 2 2 1 3 1 1 2 2 2 0 0 3 0 2 0 3 
4x4_728, 2 2 0 0 3 3 0 0 2 2 1 2 2 1 1 3 1 
4x4_380, 2 0 3 0 2 0 0 2 2 2 1 1 1 1 3 0 3 1 
4x4_371, 2 0 3 0 0 0 2 1 1 2 1 1 2 0 2 0 3 0 3 0 2 2 1 
189
4x4_962, 0 0 2 1 2 2 2 0 0 0 3 3 3 1 3 
4x4_824, 0 2 2 1 2 2 0 0 0 0 3 3 3 3 1 2 2 1 3 3 
4x4_858, 2 0 0 0 3 0 2 2 2 1 1 1 2 1 3 3 
4x4_187, 2 0 3 0 0 0 2 2 2 2 1 1 3 1 1 3 
4x4_446, 0 2 0 3 0 2 2 1 1 2 2 0 0 0 3 3 3 
4x4_346, 2 0 0 3 0 0 2 2 2 1 2 1 3 3 1 2 2 
4x4_975, 2 2 0 0 2 2 0 0 3 3 3 1 1 1 3 
190
4x4_150, 2 2 2 2 0 3 3 3 3 0 2 2 2 2 0 
4x4_593, 0 0 2 0 3 0 2 2 1 1 1 1 2 2 0 3 0 0 2 0 3 
3x3_126, 2 0 3 0 0 2 2 2 1 1 3 1 
4x4_846, 2 0 3 0 0 0 2 2 2 2 1 3 1 1 1 3 
3x3_869, 0 2 2 1 2 0 0 0 3 3 1 3 
4x4_273, 2 0 3 0 2 0 2 2 2 1 1 1 3 0 0 3 1 1 
3x3_3, 2 0 3 0 0 2 2 2 1 1 3 1 
4x4_815, 2 2 0 2 2 0 3 3 0 3 3 0 2 2 2 1 2 0 
4x4_890, 0 0 0 2 0 2 2 1 1 3 3 1 1 2 0 2 1 
4x4_192, 2 0 2 2 2 0 0 0 3 1 3 1 3 3 0 0 2 
191
4x4_691, 0 2 1 2 0 2 2 0 3 3 3 0 2 2 2 0 3 3 3 3 
192
4x4_629, 0 0 0 0 2 2 1 1 1 3 1 2 2 0 2 0 0 0 3 
4x4_870, 0 0 0 0 2 1 2 1 3 1 2 1 2 0 2 0 0 0 3 
4x4_503, 2 0 3 0 0 0 2 2 2 1 1 1 3 1 
4x4_468, 2 2 2 2 0 0 3 1 3 3 0 2 0 0 3 
194
4x4_153, 2 0 0 3 0 0 2 2 2 2 1 3 1 1 2 1 3 3 
4x4_61, 2 0 2 0 0 3 1 3 0 0 2 2 2 1 2 1 1 3 1 3 
4x4_842, 2 0 2 1 2 0 0 0 0 3 3 1 2 1 3 3 1 
4x4_877, 2 2 2 0 2 0 0 3 3 1 3 3 0 0 2 2 
195
4x4_159, 2 2 2 0 3 3 3 0 0 0 2 2 2 2 1 3 1 2 1 1 
4x4_421, 0 2 2 1 2 2 0 0 0 3 3 3 3 1 
196
4x4_465, 0 2 1 2 2 2 0 0 0 0 3 3 1 1 3 0 3 1 
4x4_20, 2 2 0 3 3 0 2 0 0 2 2 2 1 1 3 1 1 2 
4x4_670, 2 2 0 0 3 3 0 2 2 0 2 1 1 1 1 2 0 0 0 
4x4_165, 2 2 0 2 2 0 3 3 3 1 3 0 0 0 2 2 2 1 2 0 
4x4_771, 0 2 1 2 2 2 0 3 3 0 2 2 0 3 3 3 0 2 2 2 
197
4x4_524, 2 0 3 0 0 0 2 1 1 2 2 0 0 2 1 1 1 3 3 1 
4x4_672, 0 2 1 2 2 2 0 0 0 0 3 3 1 3 1 3 
4x4_254, 2 2 0 3 0 0 0 2 1 1 2 2 1 1 3 
198
4x4_382, 0 0 0 0 2 2 1 1 1 3 1 2 2 2 0 0 3 0 0 
4x4_14, 0 2 2 1 2 2 0 0 3 0 0 3 3 1 2 1 3 3 0 0 
4x4_433, 0 2 2 1 2 2 0 0 0 0 3 3 1 2 1 3 3 3 0 2 0 
4x4_723, 2 2 0 2 1 2 0 0 3 0 3 1 3 1 3 0 0 2 0 2 2 2 
4x4_202, 0 0 0 0 2 1 2 2 2 1 1 1 3 3 0 0 3 1 1 
199
4x4_834, 0 0 2 1 1 2 0 2 2 0 3 0 3 3 3 
4x4_238, 0 0 0 0 2 2 1 1 1 1 2 2 0 0 3 0 0 
4x4_833, 2 2 2 0 2 0 3 3 1 3 3 0 0 0 2 2 2 1 2 0 
4x4_54, 2 0 2 1 2 0 0 3 3 3 0 0 2 1 2 2 2 0 3 
200
4x4_197, 0 0 0 2 0 2 2 2 1 1 3 0 3 1 3 1 1 2 2 
4x4_66, 0 0 0 0 2 2 2 1 1 3 1 1 2 0 2 0 0 
203
4x4_894, 0 0 0 2 2 1 3 1 1 2 2 2 0 0 0 3 0 
204
4x4_840, 0 2 1 2 0 2 2 0 3 3 3 3 0 0 2 2 2 2 
4x4_340, 2 2 2 2 0 0 0 0 3 3 1 3 3 1 2 2 2 1 3 3 3 
4x4_80, 2 2 2 0 2 0 0 3 3 1 1 3 3 0 0 0 2 2 2 
210
4x4_378, 2 0 3 0 2 0 0 2 1 1 1 1 2 2 0 0 0 3 0 2 
4x4_900, 2 0 0 2 2 0 0 2 1 1 1 3 3 1 2 
211
4x4_7, 0 2 1 2 0 2 1 2 0 0 3 0 3 1 3 0 0 2 2 2 1 
212
4x4_722, 2 2 2 2 0 0 0 3 3 1 3 3 0 2 0 2 2 2 
214
4x4_770, 2 0 3 0 0 2 2 1 1 1 2 2 0 3 0 2 0 0 3 3 3 
215
4x4_5, 0 0 0 0 2 2 2 1 3 1 1 1 2 2 0 3 0 2 0 
217
4x4_104, 2 0 3 0 2 0 2 1 1 2 2 0 3 0 0 3 
218
4x4_319, 2 0 2 1 2 2 0 3 0 2 0 0 3 1 3 0 3 3 1 1 
4x4_119, 2 2 2 0 2 0 0 3 3 1 3 3 0 2 0 
219
4x4_392, 2 2 2 0 2 0 3 3 1 3 3 0 2 0 0 
221
4x4_389, 0 2 1 2 2 2 0 0 0 0 3 1 1 1 3 0 3 3 0 2 0 2 
4x4_514, 0 0 0 0 2 2 2 1 3 1 1 3 1 2 2 2 0 3 0 2 0 0 
222
witness_9, 0 2 0 0 2 0 2 1 1 3 1 2 1 
226
4x4_766, 2 0 2 1 2 0 0 3 3 0 0 2 1 2 0 
228
4x4_530, 2 0 2 1 2 0 0 3 3 0 0 2 1 2 2 1 1 1 
