1, 10, 0, 100, 79, 86, 4.469305 
1, 10, 0, 100, 84, 86, 4.720309 
1, 10, 0, 100, 84, 86, 5.588769 
1, 10, 0, 100, 76, 86, 4.688233 
1, 10, 0, 100, 78, 86, 4.644788 
1, 10, 0, 100, 85, 86, 4.725425 
1, 10, 0, 100, 81, 86, 4.786936 
1, 10, 0, 100, 80, 86, 4.742584 
1, 10, 0, 100, 74, 86, 5.020478 
1, 10, 0, 100, 73, 86, 4.808508 
1, 10, 0, 100, 88, 86, 4.859071 
1, 10, 0, 100, 80, 86, 4.775320 
1, 10, 0, 100, 80, 86, 4.705416 
1, 10, 0, 100, 81, 86, 4.895134 
1, 10, 0, 100, 77, 86, 5.027755 
1, 10, 0, 100, 75, 86, 4.651227 
1, 10, 0, 100, 73, 86, 4.787463 
1, 10, 0, 100, 82, 86, 4.640329 
1, 10, 0, 100, 86, 86, 4.778666 
