1, 7, 0, 2000, 185, 302, 34.292570 
1, 15, 0, 2000, 304, 429, 9.095654 
1, 15, 0, 2000, 295, 434, 13.216482 
1, 15, 0, 2000, 285, 400, 13.278781 
1, 13, 2, 20, 164, 222, 10.638965 
2, 0, 2, 20, 324, 444, 20.654066 
2, 1, 1, 40, 520, 712, 31.606507 
3, 0, 1, 40, 716, 980, 42.730656 
1, 15, 0, 2000, 265, 366, 12.467658 
1, 15, 0, 2000, 273, 400, 13.335123 
1, 15, 0, 2000, 276, 366, 14.407664 
1, 15, 0, 2000, 290, 430, 12.627814 
1, 15, 0, 2000, 267, 400, 11.349816 
1, 15, 0, 200, 251, 365, 10.881343 
1, 14, 1, 100, 264, 366, 10.637712 
2, 0, 1, 100, 515, 733, 23.843147 
2, 1, 0, 200, 807, 1164, 35.400401 
1, 14, 1, 100, 274, 366, 8.633136 
2, 0, 1, 100, 525, 734, 17.549471 
2, 1, 0, 200, 810, 1166, 27.609950 
1, 14, 1, 100, 260, 364, 8.902294 
1, 14, 1, 100, 262, 368, 9.379117 
1, 14, 1, 100, 242, 364, 9.552181 
2, 0, 1, 100, 489, 729, 18.727375 
2, 1, 0, 200, 784, 1158, 28.439724 
1, 0, 15, 100, 0, 0, 5.267339 
1, 0, 15, 200, 0, 0, 10.146002 
1, 0, 15, 400, 0, 0, 15.071004 
1, 0, 15, 800, 0, 0, 20.126219 
1, 0, 15, 1600, 0, 0, 25.187242 
1, 0, 15, 3200, 0, 0, 30.219041 
1, 0, 15, 6400, 0, 0, 35.364584 
1, 0, 15, 12800, 0, 0, 40.528021 
1, 14, 1, 100, 251, 368, 9.267576 
2, 0, 1, 100, 504, 734, 18.254753 
2, 1, 0, 200, 790, 1134, 28.319835 
1, 14, 1, 100, 258, 366, 9.311875 
2, 0, 1, 100, 513, 733, 18.251684 
2, 1, 0, 200, 800, 1162, 28.450367 
1, 14, 1, 100, 255, 366, 9.496539 
2, 0, 1, 100, 510, 732, 18.938587 
2, 1, 0, 200, 793, 1129, 29.143026 
1, 14, 1, 100, 264, 367, 8.923928 
2, 0, 1, 100, 517, 735, 17.754887 
2, 1, 0, 200, 803, 1133, 27.571609 
1, 14, 1, 100, 266, 366, 9.056558 
2, 0, 1, 100, 520, 734, 19.206563 
2, 1, 0, 200, 810, 1164, 31.457579 
1, 14, 1, 100, 269, 367, 12.783397 
2, 0, 1, 100, 520, 735, 32.393886 
2, 1, 0, 200, 806, 1167, 49.324979 
1, 15, 0, 100, 250, 365, 11.623340 
1, 15, 0, 100, 238, 366, 10.598530 
1, 14, 1, 100, 255, 366, 9.915170 
2, 0, 1, 100, 504, 731, 19.642624 
2, 1, 0, 200, 799, 1160, 30.369811 
1, 14, 1, 100, 270, 366, 9.497733 
2, 0, 1, 100, 517, 731, 20.186218 
2, 1, 0, 200, 795, 1128, 31.657175 
1, 15, 0, 100, 259, 366, 9.963232 
1, 14, 1, 100, 257, 368, 9.658966 
2, 0, 1, 100, 508, 734, 19.428053 
2, 1, 0, 200, 792, 1132, 29.946260 
1, 15, 0, 100, 246, 368, 9.753854 
1, 14, 1, 100, 263, 367, 10.827968 
1, 14, 1, 100, 258, 366, 12.259925 
1, 14, 1, 100, 263, 368, 12.521016 
1, 14, 1, 100, 265, 369, 14.600230 
1, 15, 0, 100, 241, 334, 11.623412 
1, 14, 1, 100, 257, 367, 12.735076 
1, 14, 1, 100, 263, 367, 24.456003 
1, 14, 1, 100, 260, 366, 18.153839 
1, 14, 1, 100, 246, 366, 19.893980 
1, 14, 1, 100, 260, 366, 19.529500 
1, 14, 1, 100, 256, 366, 10.959468 
1, 14, 1, 100, 267, 366, 11.198848 
1, 14, 1, 100, 255, 365, 11.205023 
1, 14, 1, 100, 271, 367, 10.612643 
1, 15, 0, 100, 264, 367, 11.039319 
1, 14, 1, 100, 261, 364, 11.046271 
2, 0, 1, 100, 517, 732, 23.610142 
2, 1, 0, 200, 804, 1129, 36.348262 
1, 14, 1, 100, 257, 367, 11.105310 
1, 14, 1, 100, 253, 367, 11.411069 
2, 0, 1, 100, 505, 733, 22.458247 
2, 1, 0, 200, 790, 1165, 34.692670 
1, 14, 1, 100, 260, 367, 10.618775 
2, 0, 1, 100, 516, 735, 21.384937 
2, 1, 0, 200, 816, 1165, 32.943997 
1, 14, 1, 100, 260, 369, 10.436407 
2, 0, 1, 100, 518, 735, 20.921019 
2, 1, 0, 200, 819, 1166, 32.618360 
1, 14, 1, 100, 270, 367, 10.272210 
2, 0, 1, 100, 525, 734, 21.268268 
2, 1, 0, 200, 809, 1133, 33.216048 
